










-,-,-
-2.21,-3.90,-11.87
-2.13,-4.33,-11.40
-2.09,-4.65,-10.98
-2.08,-4.84,-10.71
-2.09,-5.04,-10.31
-2.14,-5.11,-9.90
-2.21,-5.11,-9.73
-2.35,-5.00,-9.56
-2.53,-4.82,-9.49
-2.65,-4.65,-9.47
-2.84,-4.37,-9.53
-3.00,-4.06,-9.63
-3.07,-3.89,-9.71
-3.18,-3.68,-9.85
-3.22,-3.55,-10.00
-3.20,-3.58,-10.15
-3.15,-3.66,-10.20
-3.00,-3.85,-10.21
-2.73,-4.01,-10.26
-2.55,-4.10,-10.29
-2.24,-4.22,-10.29
-1.93,-4.39,-10.34
-1.73,-4.56,-10.36
-1.43,-4.83,-10.39
-1.13,-5.09,-10.39
-0.86,-5.39,-10.32
-0.71,-5.58,-10.23
-0.53,-5.88,-9.98
-0.37,-6.22,-9.66
-0.28,-6.46,-9.35
-0.21,-6.83,-8.79
-0.15,-7.14,-8.20
-0.10,-7.35,-7.81
-0.02,-7.64,-7.31
0.03,-7.92,-6.87
0.06,-8.08,-6.62
0.09,-8.26,-6.29
0.09,-8.35,-5.98
0.08,-8.34,-5.82
-0.01,-8.21,-5.58
-0.10,-7.93,-5.39
-0.16,-7.56,-5.29
-0.21,-7.23,-5.36
-0.27,-6.71,-5.52
-0.30,-6.23,-5.83
-0.30,-5.94,-6.12
-0.28,-5.56,-6.64
-0.17,-5.28,-7.18
-0.05,-5.16,-7.55
0.19,-5.06,-8.12
0.50,-5.07,-8.60
0.72,-5.15,-8.87
1.12,-5.30,-9.27
1.57,-5.54,-9.55
1.89,-5.72,-9.68
2.32,-5.99,-9.74
2.68,-6.26,-9.77
2.98,-6.49,-9.73
3.13,-6.62,-9.70
3.34,-6.78,-9.53
3.51,-6.88,-9.31
3.60,-6.95,-9.10
3.68,-7.09,-8.75
3.72,-7.19,-8.26
3.73,-7.21,-7.95
3.71,-7.14,-7.50
3.63,-7.02,-7.13
3.58,-6.90,-6.96
3.44,-6.66,-6.79
3.30,-6.47,-6.58
3.23,-6.30,-6.38
3.22,-6.24,-6.26
3.23,-6.15,-5.99
3.31,-5.97,-5.79
3.38,-5.83,-5.69
3.48,-5.61,-5.66
3.60,-5.38,-5.74
3.71,-5.21,-5.84
3.94,-4.91,-5.98
4.19,-4.63,-6.16
4.39,-4.41,-6.30
4.72,-4.02,-6.47
5.04,-3.63,-6.69
5.33,-3.30,-6.96
5.50,-3.17,-7.14
5.73,-3.03,-7.42
5.98,-2.91,-7.72
6.10,-2.89,-7.86
6.29,-2.96,-8.04
6.49,-3.14,-8.14
6.58,-3.32,-8.09
6.72,-3.63,-7.93
6.85,-3.89,-7.76
6.91,-4.02,-7.69
6.95,-4.15,-7.51
6.91,-4.29,-7.30
6.85,-4.48,-6.96
6.79,-4.61,-6.59
6.76,-4.78,-5.96
6.80,-4.90,-5.37
6.89,-5.01,-4.92
6.94,-4.94,-4.11
6.96,-4.56,-3.60
6.98,-4.17,-3.45
7.01,-3.51,-3.40
7.14,-2.81,-3.63
7.26,-2.35,-3.92
7.47,-1.68,-4.48
7.66,-1.06,-5.17
7.83,-0.57,-6.03
7.92,-0.28,-6.67
8.03,0.07,-7.76
8.16,0.27,-8.94
8.21,0.46,-9.72
8.25,0.80,-10.73
8.27,1.11,-11.55
8.28,1.31,-12.03
8.30,1.46,-12.55
8.28,1.56,-12.83
8.25,1.69,-12.99
8.28,1.84,-13.07
7.77,3.73,-11.30
6.80,5.10,-11.76
7.08,6.13,-14.37
8.29,5.77,-15.06
8.33,5.66,-13.65
7.88,6.71,-13.07
7.24,8.22,-11.85
7.07,8.60,-10.90
7.06,8.79,-10.40
7.11,8.75,-10.82
7.52,8.47,-11.80
7.83,8.51,-12.78
7.93,8.42,-13.55
8.18,7.79,-14.80
8.55,6.83,-15.64
8.77,6.01,-16.00
9.11,4.70,-16.28
9.47,3.42,-16.09
9.72,2.56,-15.90
10.10,1.41,-15.62
10.51,0.54,-15.16
10.76,0.02,-14.79
11.04,-0.69,-14.12
11.23,-1.41,-13.29
11.34,-1.94,-12.46
11.35,-2.12,-11.84
11.37,-2.25,-10.99
11.40,-2.45,-10.46
11.40,-2.63,-10.12
11.22,-2.46,-9.79
10.94,-2.30,-9.61
10.77,-2.33,-9.50
10.38,-2.34,-9.49
9.99,-2.38,-9.29
9.66,-2.79,-9.06
9.33,-2.98,-8.77
8.67,-2.67,-8.50
8.09,-2.28,-8.36
7.82,-2.15,-8.12
7.41,-2.04,-7.88
7.02,-2.18,-7.88
6.71,-2.14,-7.89
6.19,-1.75,-7.58
5.78,-1.08,-7.25
5.30,-0.81,-6.92
5.07,-0.68,-6.80
4.77,-0.40,-6.69
4.51,0.05,-6.76
4.32,0.21,-6.95
4.09,0.30,-7.12
3.77,0.26,-7.26
3.57,0.32,-7.45
3.46,0.56,-7.87
3.46,0.93,-8.15
3.46,1.28,-8.19
3.39,1.70,-8.40
3.27,2.13,-8.59
3.20,2.38,-8.77
3.20,2.76,-9.22
3.27,3.04,-9.86
3.30,3.20,-10.46
3.30,3.23,-10.77
3.33,3.09,-11.13
3.34,2.89,-11.24
3.42,2.77,-11.21
3.50,2.49,-11.15
3.55,2.08,-11.12
3.56,1.77,-11.16
3.59,1.37,-11.24
3.59,0.99,-11.39
3.55,0.69,-11.45
3.55,0.40,-11.45
3.52,0.23,-11.43
3.43,0.02,-11.41
3.42,0.06,-11.30
3.40,0.26,-11.13
3.30,0.35,-11.02
3.19,0.42,-10.92
3.03,0.64,-10.79
2.93,1.07,-10.57
2.83,1.26,-10.47
2.58,1.37,-10.33
2.35,1.66,-10.16
2.16,1.82,-10.18
1.77,1.86,-10.27
1.46,2.06,-10.31
1.20,2.28,-10.41
1.10,2.50,-10.42
0.89,2.73,-10.48
0.71,3.05,-10.49
0.62,3.28,-10.50
0.41,3.42,-10.60
0.28,3.51,-10.73
0.22,3.50,-10.86
0.19,3.45,-11.00
0.27,3.32,-11.21
0.34,3.09,-11.36
0.48,2.66,-11.53
0.62,2.24,-11.72
0.79,1.84,-11.92
0.88,1.49,-12.08
0.94,0.88,-12.34
0.99,0.32,-12.56
1.08,0.06,-12.62
1.21,-0.33,-12.71
1.27,-0.83,-12.82
1.24,-1.22,-12.90
1.16,-1.70,-12.99
1.11,-2.08,-13.10
1.10,-2.28,-13.15
1.12,-2.46,-13.12
1.11,-2.51,-12.99
1.04,-2.59,-12.91
0.98,-2.52,-12.68
0.97,-2.24,-12.39
0.96,-1.88,-12.13
0.83,-1.84,-12.06
0.58,-1.77,-11.91
0.36,-1.65,-11.81
0.22,-1.51,-11.72
-0.05,-1.41,-11.65
-0.32,-1.45,-11.48
-0.45,-1.28,-11.31
-0.56,-0.95,-11.19
-0.65,-0.62,-11.03
-0.68,-0.41,-10.99
-0.79,-0.29,-11.03
-0.92,-0.24,-11.11
-0.96,-0.15,-11.13
-0.98,0.00,-11.19
-1.00,0.02,-11.24
-0.98,0.00,-11.28
-0.93,0.01,-11.29
-0.86,-0.07,-11.34
-0.85,-0.37,-11.46
-0.83,-0.59,-11.52
-0.76,-0.94,-11.55
-0.66,-1.30,-11.55
-0.53,-1.56,-11.61
-0.34,-1.86,-11.70
-0.18,-2.09,-11.68
-0.06,-2.20,-11.61
0.10,-2.37,-11.48
0.29,-2.48,-11.33
0.39,-2.55,-11.32
0.56,-2.60,-11.37
0.72,-2.59,-11.45
0.83,-2.53,-11.56
0.88,-2.48,-11.69
0.97,-2.33,-11.85
1.07,-2.13,-12.03
1.12,-1.96,-12.14
1.20,-1.69,-12.26
1.23,-1.44,-12.42
1.24,-1.29,-12.51
1.24,-1.09,-12.58
1.22,-0.94,-12.59
1.18,-0.85,-12.58
1.09,-0.77,-12.46
0.98,-0.76,-12.20
0.85,-0.82,-11.85
0.78,-0.91,-11.57
0.68,-1.08,-11.10
0.63,-1.27,-10.63
0.62,-1.41,-10.34
0.60,-1.63,-9.96
0.63,-1.76,-9.58
0.65,-1.84,-9.33
0.68,-1.92,-8.99
0.73,-1.97,-8.68
0.76,-2.01,-8.47
0.85,-2.08,-8.17
0.96,-2.18,-7.97
1.06,-2.26,-7.88
1.20,-2.41,-7.81
1.38,-2.54,-7.80
1.58,-2.67,-7.88
1.74,-2.77,-7.97
1.98,-2.94,-8.11
2.24,-3.12,-8.32
2.42,-3.25,-8.49
2.70,-3.49,-8.77
3.04,-3.73,-9.10
3.29,-3.90,-9.31
3.66,-4.22,-9.62
4.05,-4.47,-9.92
4.31,-4.61,-10.15
4.69,-4.77,-10.41
4.97,-4.88,-10.69
5.20,-4.91,-11.00
5.31,-4.90,-11.20
5.43,-4.87,-11.48
5.49,-4.84,-11.69
5.50,-4.81,-11.75
5.48,-4.75,-11.72
5.42,-4.69,-11.57
5.37,-4.64,-11.43
5.26,-4.48,-11.24
5.15,-4.28,-11.09
5.01,-4.07,-10.94
4.92,-3.94,-10.85
4.77,-3.79,-10.60
4.60,-3.71,-10.28
4.49,-3.68,-10.02
4.34,-3.65,-9.63
4.19,-3.65,-9.23
4.10,-3.63,-9.00
3.95,-3.61,-8.70
3.81,-3.61,-8.47
3.73,-3.59,-8.34
3.65,-3.56,-8.12
3.57,-3.53,-7.90
3.51,-3.52,-7.74
3.50,-3.50,-7.67
3.48,-3.48,-7.63
3.46,-3.41,-7.67
3.44,-3.33,-7.75
3.42,-3.10,-7.89
3.37,-2.80,-8.06
3.31,-2.58,-8.22
3.22,-2.25,-8.45
3.13,-1.95,-8.64
3.07,-1.78,-8.76
3.03,-1.53,-8.89
2.99,-1.30,-9.05
2.95,-1.08,-9.26
2.94,-0.98,-9.40
2.92,-0.90,-9.57
2.88,-0.88,-9.63
2.89,-0.88,-9.58
2.94,-0.95,-9.53
3.03,-1.10,-9.50
3.13,-1.22,-9.55
3.25,-1.40,-9.70
3.40,-1.57,-9.88
3.51,-1.69,-10.04
3.65,-1.84,-10.25
3.73,-1.95,-10.39
3.77,-2.01,-10.51
3.79,-2.04,-10.55
3.80,-2.01,-10.59
3.79,-1.89,-10.63
3.75,-1.76,-10.66
3.66,-1.53,-10.71
3.53,-1.27,-10.70
3.45,-1.10,-10.64
3.31,-0.83,-10.53
3.19,-0.58,-10.43
3.09,-0.35,-10.34
3.01,-0.24,-10.27
2.90,-0.07,-10.20
2.82,0.08,-10.15
2.75,0.17,-10.13
2.64,0.30,-10.12
2.56,0.42,-10.12
2.53,0.47,-10.13
2.52,0.53,-10.13
2.52,0.56,-10.14
2.54,0.56,-10.20
2.54,0.53,-10.25
2.52,0.43,-10.27
2.50,0.34,-10.31
2.49,0.14,-10.36
2.52,-0.07,-10.35
2.58,-0.29,-10.36
2.60,-0.41,-10.34
2.64,-0.62,-10.20
2.72,-0.87,-10.00
2.78,-1.05,-9.87
2.89,-1.31,-9.73
3.02,-1.54,-9.70
3.11,-1.65,-9.77
3.26,-1.74,-9.96
3.41,-1.73,-10.22
3.52,-1.70,-10.40
3.65,-1.63,-10.64
3.73,-1.54,-10.91
3.79,-1.47,-11.15
3.80,-1.39,-11.28
3.75,-1.24,-11.42
3.66,-0.99,-11.54
3.58,-0.76,-11.59
3.41,-0.41,-11.59
3.21,-0.11,-11.53
3.07,0.07,-11.42
2.84,0.30,-11.20
2.59,0.48,-10.96
2.41,0.58,-10.81
2.13,0.69,-10.58
1.87,0.77,-10.31
1.69,0.81,-10.05
1.60,0.78,-9.87
1.53,0.61,-9.61
1.58,0.29,-9.45










-,-,-
2.10,0.18,-11.06
2.03,0.14,-11.01
1.99,0.10,-10.97
1.97,0.13,-10.93
1.91,0.14,-10.86
1.85,0.07,-10.78
1.80,0.02,-10.74
1.75,-0.05,-10.71
1.71,-0.18,-10.74
1.68,-0.28,-10.78
1.65,-0.35,-10.87
1.62,-0.47,-11.00
1.59,-0.55,-11.09
1.55,-0.66,-11.25
1.47,-0.78,-11.43
1.44,-0.79,-11.51
1.36,-0.77,-11.65
1.24,-0.65,-11.79
1.09,-0.48,-11.94
0.96,-0.35,-12.04
0.72,-0.17,-12.19
0.45,-0.00,-12.31
0.28,0.11,-12.36
0.05,0.28,-12.42
-0.17,0.39,-12.45
-0.30,0.44,-12.44
-0.49,0.44,-12.37
-0.63,0.40,-12.25
-0.71,0.33,-12.17
-0.79,0.23,-12.01
-0.83,0.13,-11.78
-0.85,0.09,-11.64
-0.86,0.05,-11.48
-0.87,-0.12,-11.32
-0.88,-0.24,-11.20
-0.88,-0.51,-11.11
-0.95,-0.92,-11.00
-1.02,-1.35,-10.84
-1.00,-1.53,-10.69
-1.03,-1.91,-10.52
-1.12,-2.34,-10.35
-1.18,-2.55,-10.22
-1.26,-2.86,-10.10
-1.34,-3.14,-9.99
-1.41,-3.34,-9.94
-1.46,-3.60,-9.79
-1.41,-3.76,-9.60
-1.36,-3.88,-9.51
-1.28,-4.07,-9.37
-1.25,-4.36,-9.22
-1.14,-4.67,-9.01
-1.00,-4.77,-8.90
-0.64,-4.75,-8.81
-0.11,-4.70,-9.02
0.18,-4.67,-9.17
0.45,-4.62,-9.38
0.65,-4.58,-9.62
0.83,-4.53,-9.84
1.18,-4.45,-10.26
1.41,-4.32,-10.57
1.70,-4.27,-10.85
2.27,-4.27,-11.82
2.47,-4.19,-12.33
2.55,-4.08,-12.76
2.57,-3.98,-13.02
2.58,-3.74,-13.31
2.55,-3.50,-13.50
2.52,-3.32,-13.53
2.51,-3.06,-13.48
2.50,-2.89,-13.44
2.44,-2.80,-13.37
2.29,-2.72,-13.12
2.15,-2.84,-12.93
1.96,-3.11,-12.57
1.87,-3.30,-12.28
1.77,-3.65,-11.75
1.80,-3.92,-11.00
1.79,-4.20,-10.33
1.70,-4.62,-9.38
1.57,-5.03,-8.45
1.44,-5.36,-7.82
1.35,-5.82,-6.91
1.47,-6.23,-5.90
1.62,-6.47,-5.24
1.97,-6.95,-4.20
2.44,-7.32,-3.41
2.91,-7.59,-2.68
3.34,-7.54,-2.27
3.98,-7.47,-1.98
4.68,-7.17,-1.97
5.16,-6.90,-2.16
5.91,-6.29,-2.76
6.68,-5.46,-3.65
7.13,-4.87,-4.39
7.71,-4.04,-5.71
8.24,-3.23,-7.09
8.57,-2.72,-8.01
8.97,-2.22,-9.31
9.28,-1.95,-10.46
9.47,-1.72,-11.33
9.50,-1.69,-11.82
9.45,-1.79,-12.34
9.29,-2.06,-12.49
9.11,-2.24,-12.44
8.85,-2.59,-11.91
8.49,-3.06,-10.91
8.25,-3.37,-10.32
8.08,-3.44,-9.53
7.81,-3.41,-8.51
7.55,-3.41,-7.55
7.33,-3.55,-6.92
6.97,-3.85,-6.08
6.70,-4.01,-5.37
6.55,-4.01,-4.98
6.29,-4.01,-4.38
6.13,-3.99,-3.88
6.04,-4.08,-3.65
5.91,-4.33,-3.30
5.84,-4.66,-3.11
5.78,-4.98,-3.05
5.77,-5.14,-3.14
5.74,-5.41,-3.40
5.64,-5.60,-3.39
5.61,-5.69,-3.56
5.52,-5.62,-3.73
5.36,-5.44,-3.90
5.25,-5.32,-4.11
5.16,-5.20,-4.43
5.20,-4.89,-4.60
5.27,-4.63,-4.84
5.40,-4.13,-5.33
5.49,-3.54,-5.95
5.55,-2.85,-6.64
5.59,-2.28,-7.12
5.62,-1.53,-7.94
5.55,-0.89,-8.87
5.47,-0.62,-9.58
5.38,-0.22,-10.55
5.32,0.02,-11.09
5.32,0.08,-11.38
5.31,0.09,-11.75
5.25,0.13,-11.85
5.20,0.07,-11.87
5.11,-0.04,-11.88
5.02,-0.17,-11.75
4.94,-0.35,-11.54
4.78,-0.80,-11.08
4.82,-0.94,-10.86
4.79,-1.27,-10.50
4.72,-1.63,-10.04
4.79,-2.01,-9.63
4.64,-2.22,-9.39
4.49,-2.24,-9.21
4.39,-2.33,-9.07
4.24,-2.60,-8.88
4.19,-2.67,-8.77
4.09,-2.71,-8.62
3.96,-2.54,-8.24
3.44,-1.03,-7.31
2.77,0.56,-7.59
3.35,-0.34,-9.89
3.75,-0.44,-9.36
3.58,-0.04,-8.19
3.04,1.98,-7.35
3.03,3.07,-7.61
3.15,3.60,-7.77
3.17,4.81,-8.50
3.29,5.39,-10.14
3.39,5.67,-11.09
3.55,6.13,-12.34
3.66,6.42,-13.58
3.81,6.41,-14.17
4.12,6.07,-14.88
4.47,5.36,-15.45
4.76,4.48,-15.68
4.94,3.84,-15.73
5.20,3.13,-15.50
5.51,2.54,-15.08
5.67,1.94,-14.79
5.90,0.80,-14.32
6.09,-0.15,-13.67
6.22,-0.61,-13.24
6.40,-1.20,-12.65
6.65,-1.66,-12.03
6.73,-2.31,-11.65
6.80,-2.53,-11.48
6.83,-2.60,-11.15
6.82,-2.44,-10.75
6.71,-2.31,-10.62
6.50,-1.88,-10.35
6.45,-1.28,-10.07
6.48,-1.13,-10.01
6.57,-1.34,-9.93
6.56,-1.47,-9.90
6.49,-1.26,-9.84
6.25,-0.97,-9.77
6.17,-0.83,-9.74
6.11,-0.99,-9.84
6.08,-0.96,-9.86
6.05,-0.86,-9.93
6.00,-0.74,-9.93
5.94,-0.52,-9.92
5.86,-0.12,-9.88
5.76,0.28,-9.80
5.74,0.53,-9.75
5.73,0.53,-9.79
5.71,0.36,-9.84
5.73,0.23,-9.82
5.73,0.29,-9.68
5.60,0.33,-9.62
5.65,0.54,-9.49
5.57,0.35,-9.49
5.49,-0.01,-9.56
5.48,-0.13,-9.62
5.45,-0.06,-9.55
5.42,0.18,-9.40
5.40,0.27,-9.38
5.43,0.36,-9.27
5.40,0.57,-8.99
5.49,0.75,-8.84
5.58,0.70,-8.90
5.62,0.62,-8.94
5.66,0.87,-8.89
5.59,0.90,-9.04
5.45,0.82,-9.31
5.41,1.08,-9.51
5.49,1.67,-9.47
5.23,1.91,-9.67
5.02,2.29,-9.77
4.61,2.46,-10.04
4.52,2.93,-10.14
4.38,4.02,-10.27
4.06,4.88,-10.38
3.84,5.37,-10.55
3.39,5.73,-11.08
3.28,6.64,-11.33
3.28,7.44,-11.42
2.95,7.89,-11.79
2.41,7.82,-12.19
2.00,7.60,-12.50
1.39,7.20,-12.92
0.77,6.57,-13.35
0.37,6.01,-13.58
0.28,5.84,-13.48
0.23,5.57,-13.28
0.19,5.08,-12.82
0.07,4.61,-12.29
-0.14,3.67,-11.89
-0.32,2.81,-11.40
-0.44,2.25,-11.27
-0.44,1.63,-11.61
-0.51,0.92,-12.11
-0.57,0.31,-12.30
-0.68,-0.51,-12.66
-0.72,-1.01,-13.10
-0.69,-1.29,-13.26
-0.66,-1.39,-13.23
-0.63,-1.39,-13.13
-0.72,-1.20,-12.93
-0.87,-1.06,-12.73
-1.10,-0.87,-12.38
-1.34,-0.65,-11.88
-1.45,-0.43,-11.63
-1.63,0.02,-11.35
-1.76,0.47,-11.21
-1.79,0.75,-11.16
-1.86,1.14,-11.15
-1.80,1.57,-11.36
-1.74,1.90,-11.48
-1.73,2.33,-11.69
-1.74,2.78,-11.82
-1.82,3.20,-11.93
-1.98,3.42,-12.14
-2.35,3.57,-12.34
-2.70,3.58,-12.52
-2.85,3.35,-12.73
-2.95,2.83,-13.26
-2.93,2.38,-13.94
-2.93,2.22,-14.37
-2.81,2.33,-14.60
-2.35,2.71,-14.29
-2.04,3.07,-13.84
-1.94,3.21,-13.32
-1.77,3.30,-12.54
-1.75,3.03,-11.80
-1.87,2.84,-11.25
-1.89,2.61,-10.98
-1.88,2.29,-11.24
-1.90,2.03,-11.29
-1.88,1.67,-11.51
-1.95,1.06,-11.65
-2.01,0.32,-11.74
-1.98,-0.10,-11.85
-1.82,-0.51,-11.99
-1.62,-0.81,-12.01
-1.48,-0.95,-11.98
-1.30,-1.02,-12.02
-1.19,-1.09,-12.15
-1.14,-1.12,-12.20
-1.05,-1.08,-12.38
-0.55,-0.45,-12.95
-0.65,-0.49,-13.38
-0.76,-0.06,-13.74
-0.97,0.04,-14.16
-1.21,0.28,-13.79
-1.31,0.41,-13.34
-1.54,0.44,-12.42
-1.67,0.74,-12.04
-1.75,0.96,-12.02
-1.94,1.21,-11.58
-2.11,1.32,-10.88
-2.19,1.31,-10.39
-2.10,1.38,-9.85
-2.08,1.40,-9.68
-2.17,1.15,-9.55
-2.12,0.80,-9.42
-1.92,0.41,-9.57
-1.78,0.19,-9.79
-1.58,-0.16,-10.28
-1.43,-0.54,-10.73
-1.22,-0.82,-11.14
-1.06,-0.96,-11.37
-0.86,-1.16,-11.60
-0.62,-1.25,-11.70
-0.44,-1.27,-11.75
-0.15,-1.26,-11.85
0.07,-1.23,-11.93
0.21,-1.18,-12.01
0.43,-1.11,-12.15
0.55,-1.13,-12.10
0.64,-1.12,-12.15
0.76,-1.07,-12.20
0.88,-1.17,-12.32
0.91,-1.15,-12.40
0.91,-1.10,-12.39
0.90,-1.16,-12.29
0.83,-1.37,-12.11
0.83,-1.54,-12.00
0.79,-1.83,-11.89
0.67,-2.15,-11.72
0.62,-2.33,-11.60
0.60,-2.56,-11.50
0.60,-2.75,-11.39
0.64,-2.86,-11.33
0.71,-2.97,-11.28
0.74,-3.00,-11.18
0.71,-2.98,-11.04
0.70,-2.90,-10.91
0.72,-2.77,-10.79
0.75,-2.58,-10.72
0.79,-2.48,-10.68
0.85,-2.29,-10.64
0.91,-2.17,-10.59
0.92,-2.13,-10.58
0.95,-2.10,-10.50
1.01,-2.16,-10.41
1.05,-2.27,-10.36
1.15,-2.52,-10.23
1.24,-2.82,-10.19
1.32,-3.11,-10.07
1.39,-3.34,-9.99
1.46,-3.69,-9.91
1.51,-4.09,-9.82
1.52,-4.31,-9.75
1.54,-4.61,-9.66
1.58,-4.87,-9.52
1.61,-5.00,-9.41
1.64,-5.13,-9.27
1.65,-5.20,-9.21
1.64,-5.19,-9.19
1.62,-5.11,-9.18
1.60,-4.91,-9.20
1.58,-4.57,-9.21
1.56,-4.28,-9.20
1.55,-3.84,-9.15
1.54,-3.39,-9.07
1.53,-3.08,-8.98
1.52,-2.62,-8.86
1.54,-2.17,-8.73
1.57,-1.89,-8.63
1.58,-1.58,-8.51
1.63,-1.41,-8.43
1.65,-1.41,-8.39
1.74,-1.52,-8.27
1.87,-1.68,-8.24
1.99,-2.04,-8.10
2.09,-2.26,-8.08
2.25,-2.67,-8.07
2.42,-3.04,-8.12
2.55,-3.29,-8.12
2.72,-3.61,-8.26
2.92,-3.85,-8.46
3.05,-3.98,-8.58
3.22,-4.11,-8.72
3.35,-4.20,-8.75
3.42,-4.23,-8.73
3.49,-4.21,-8.68
3.54,-4.16,-8.63
3.55,-4.01,-8.59
3.53,-3.87,-8.54
3.47,-3.62,-8.51
3.38,-3.31,-8.54
3.32,-3.07,-8.61
3.21,-2.67,-8.77
3.08,-2.30,-8.92
2.98,-2.05,-9.03
2.84,-1.76,-9.14
2.68,-1.53,-9.11
2.61,-1.43,-9.06
2.52,-1.31,-9.01
2.49,-1.19,-9.02
2.48,-1.12,-9.08
2.47,-1.10,-9.14
2.49,-1.13,-9.24
2.59,-1.27,-9.29
2.66,-1.37,-9.19
2.76,-1.49,-9.09
2.83,-1.56,-9.10
2.89,-1.62,-9.18
2.98,-1.72,-9.37
3.10,-1.86,-9.53
3.21,-1.97,-9.58
3.36,-2.15,-9.57
3.51,-2.33,-9.59
3.61,-2.46,-9.59
3.65,-2.51,-9.59
3.67,-2.54,-9.61
3.68,-2.54,-9.62
3.68,-2.49,-9.63
3.61,-2.32,-9.77
3.50,-2.01,-9.89
3.41,-1.75,-9.99
3.28,-1.31,-10.22
3.15,-0.83,-10.38
3.09,-0.52,-10.55
3.03,-0.06,-10.78
3.02,0.36,-10.98
3.06,0.67,-11.19
3.07,0.79,-11.30
3.12,0.83,-11.43
3.21,0.76,-11.46
3.27,0.67,-11.45
3.33,0.46,-11.50
3.38,0.21,-11.60
3.44,0.11,-11.56
3.56,0.00,-11.47
3.64,-0.11,-11.28
3.68,-0.23,-11.19
3.73,-0.45,-11.01










-,-,-
-1.81,-1.62,-11.79
-1.80,-2.08,-11.64
-1.76,-2.56,-11.49
-1.74,-2.87,-11.37
-1.72,-3.32,-11.16
-1.70,-3.72,-10.89
-1.72,-3.98,-10.71
-1.76,-4.31,-10.46
-1.80,-4.62,-10.23
-1.85,-4.80,-10.11
-1.91,-5.03,-9.97
-1.97,-5.23,-9.87
-2.01,-5.33,-9.84
-2.06,-5.43,-9.85
-2.12,-5.39,-9.95
-2.17,-5.19,-10.15
-2.23,-4.99,-10.30
-2.35,-4.65,-10.53
-2.39,-4.29,-10.81
-2.38,-4.03,-11.04
-2.34,-3.62,-11.37
-2.28,-3.18,-11.76
-2.21,-2.86,-12.10
-2.12,-2.54,-12.58
-1.97,-2.31,-13.08
-1.84,-2.29,-13.43
-1.76,-2.33,-13.54
-1.69,-2.50,-13.58
-1.64,-2.76,-13.46
-1.64,-2.93,-13.35
-1.61,-3.14,-13.15
-1.55,-3.38,-12.93
-1.52,-3.57,-12.73
-1.50,-3.88,-12.39
-1.47,-4.24,-11.99
-1.38,-4.62,-11.48
-1.29,-4.88,-11.06
-1.14,-5.32,-10.40
-0.97,-5.76,-9.67
-0.84,-6.06,-9.12
-0.64,-6.53,-8.28
-0.42,-7.05,-7.43
-0.27,-7.38,-6.87
-0.06,-7.82,-6.11
0.14,-8.20,-5.37
0.31,-8.41,-4.93
0.71,-8.70,-4.12
0.96,-8.79,-3.27
1.18,-8.77,-2.67
1.31,-8.74,-2.43
1.63,-8.65,-2.34
1.96,-8.48,-2.52
2.21,-8.34,-2.80
2.57,-8.08,-3.46
2.90,-7.84,-4.32
3.09,-7.66,-4.97
3.39,-7.46,-6.03
3.72,-7.34,-7.10
3.90,-7.32,-7.83
4.15,-7.33,-8.75
4.35,-7.38,-9.60
4.55,-7.34,-10.12
4.64,-7.25,-10.31
4.74,-7.01,-10.38
4.74,-6.70,-10.26
4.72,-6.45,-10.03
4.72,-6.03,-9.56
4.85,-5.49,-8.88
4.97,-5.09,-8.41
5.05,-4.57,-7.84
5.07,-4.15,-7.18
5.07,-3.81,-6.49
5.10,-3.61,-6.03
5.14,-3.45,-5.54
5.13,-3.53,-4.93
5.18,-3.56,-4.72
5.18,-3.91,-4.36
5.26,-4.22,-4.01
5.27,-4.55,-3.75
5.34,-4.99,-3.64
5.43,-5.41,-3.57
5.52,-5.69,-3.57
5.63,-6.13,-3.73
5.79,-6.41,-3.92
5.77,-6.79,-4.42
5.88,-6.71,-4.52
5.88,-6.58,-5.15
5.80,-6.16,-5.76
5.75,-5.66,-6.18
5.70,-4.73,-6.78
5.47,-3.97,-7.51
5.32,-3.45,-7.88
5.14,-2.64,-8.47
5.01,-1.85,-8.88
4.94,-1.30,-9.21
4.75,-0.54,-9.81
4.61,0.09,-10.31
4.53,0.61,-10.62
4.54,0.90,-10.72
4.60,1.23,-10.66
4.68,1.52,-10.57
4.75,1.69,-10.57
4.84,1.90,-10.67
4.86,2.21,-10.83
4.88,2.26,-10.87
4.80,2.32,-10.93
4.81,2.45,-10.82
4.87,2.73,-10.97
4.62,3.23,-11.36
4.38,3.79,-11.61
4.39,4.34,-11.94
4.51,4.65,-12.19
4.62,5.34,-12.41
3.69,9.44,-10.90
3.57,10.94,-12.07
4.87,10.32,-14.67
5.22,10.24,-13.80
4.74,10.60,-12.54
4.01,12.24,-11.52
4.30,12.63,-11.28
4.71,12.65,-11.45
4.92,12.82,-11.88
5.28,12.47,-12.91
5.84,11.52,-13.91
6.20,10.67,-14.88
6.51,9.02,-16.44
6.61,7.23,-17.88
6.62,5.93,-18.84
6.61,3.87,-20.35
6.61,2.10,-21.71
6.68,0.58,-22.69
6.68,-0.19,-22.93
6.57,-0.96,-22.65
6.47,-1.41,-21.97
6.41,-1.54,-21.10
6.35,-1.62,-19.60
6.34,-1.81,-18.03
6.33,-2.08,-16.91
6.25,-2.46,-15.45
6.10,-2.68,-14.46
5.92,-2.51,-13.94
5.47,-1.88,-13.43
5.16,-1.41,-13.28
4.96,-1.18,-13.23
4.79,-0.97,-13.19
4.54,-0.73,-13.09
4.35,-0.84,-12.83
4.25,-1.02,-12.53
4.07,-1.25,-11.92
3.87,-1.06,-11.22
3.76,-0.81,-10.73
3.59,-0.22,-9.92
3.58,0.04,-9.17
3.56,0.14,-8.52
3.56,0.23,-8.19
3.54,0.41,-7.60
3.68,0.40,-7.07
3.76,0.44,-6.85
3.89,0.26,-6.25
3.95,-0.03,-5.58
3.96,-0.25,-5.30
3.94,-0.48,-5.09
3.87,-0.63,-5.17
3.87,-0.82,-5.21
3.84,-1.03,-5.20
3.72,-1.11,-5.36
3.74,-1.33,-5.65
3.86,-1.77,-5.98
3.74,-1.82,-6.09
3.53,-1.65,-6.29
3.53,-1.74,-6.61
3.63,-2.11,-7.10
3.52,-2.25,-7.47
3.32,-1.99,-7.68
3.17,-1.85,-8.08
3.13,-1.77,-8.51
3.07,-1.64,-8.80
2.89,-1.25,-9.21
2.72,-1.06,-9.62
2.66,-0.94,-9.92
2.56,-0.74,-10.34
2.43,-0.50,-10.72
2.29,-0.23,-11.10
2.23,-0.04,-11.44
2.11,0.28,-11.81
1.89,0.70,-12.09
1.79,0.87,-12.23
1.57,1.35,-12.48
1.39,1.87,-12.90
1.28,2.22,-13.11
0.97,2.66,-13.29
0.68,3.03,-13.36
0.45,3.24,-13.39
0.05,3.58,-13.26
-0.36,3.87,-12.99
-0.59,4.05,-12.77
-0.93,4.23,-12.39
-1.32,4.32,-12.01
-1.76,4.33,-11.54
-2.01,4.28,-11.28
-2.34,4.14,-10.97
-2.62,3.95,-10.71
-2.79,3.81,-10.56
-3.01,3.52,-10.35
-3.17,3.12,-10.09
-3.20,2.74,-10.04
-3.18,2.14,-10.05
-3.11,1.46,-10.19
-2.99,0.85,-10.51
-2.92,0.49,-10.84
-2.79,0.00,-11.43
-2.63,-0.38,-12.10
-2.53,-0.54,-12.57
-2.41,-0.64,-13.23
-2.27,-0.64,-13.82
-2.16,-0.61,-14.15
-2.03,-0.49,-14.55
-1.92,-0.27,-14.74
-1.79,-0.07,-14.91
-1.68,0.20,-14.94
-1.56,0.46,-14.89
-1.47,0.68,-14.87
-1.40,0.78,-14.82
-1.30,0.89,-14.76
-1.20,0.97,-14.65
-1.15,0.99,-14.57
-1.08,1.03,-14.35
-1.03,1.03,-14.16
-1.02,1.02,-14.05
-1.05,0.97,-13.88
-1.12,0.91,-13.69
-1.19,0.86,-13.58
-1.33,0.78,-13.38
-1.50,0.71,-13.18
-1.66,0.66,-12.96
-1.77,0.63,-12.77
-1.92,0.62,-12.45
-2.06,0.59,-12.10
-2.14,0.55,-11.86
-2.29,0.49,-11.47
-2.42,0.36,-11.08
-2.48,0.23,-10.83
-2.46,-0.01,-10.55
-2.38,-0.23,-10.50
-2.27,-0.39,-10.51
-2.08,-0.71,-10.43
-1.88,-1.01,-10.54
-1.75,-1.17,-10.70
-1.53,-1.41,-10.97
-1.34,-1.61,-11.23
-1.15,-1.76,-11.58
-1.01,-1.92,-11.82
-0.80,-2.12,-12.13
-0.62,-2.21,-12.44
-0.51,-2.24,-12.64
-0.37,-2.19,-12.94
-0.22,-2.08,-13.12
-0.14,-2.00,-13.08
-0.03,-1.82,-12.81
0.06,-1.69,-12.45
0.13,-1.52,-12.15
0.15,-1.41,-11.97
0.19,-1.26,-11.67
0.18,-1.10,-11.37
0.15,-0.99,-11.19
0.06,-0.87,-10.99
-0.07,-0.74,-10.86
-0.16,-0.62,-10.77
-0.31,-0.45,-10.59
-0.43,-0.42,-10.38
-0.49,-0.47,-10.26
-0.62,-0.54,-10.03
-0.74,-0.63,-9.73
-0.79,-0.74,-9.51
-0.85,-0.85,-9.19
-0.83,-0.99,-8.93
-0.81,-1.10,-8.84
-0.73,-1.32,-8.79
-0.62,-1.57,-8.74
-0.55,-1.77,-8.77
-0.41,-2.11,-8.84
-0.28,-2.51,-8.89
-0.11,-2.95,-8.87
0.01,-3.28,-8.86
0.20,-3.82,-8.81
0.40,-4.31,-8.71
0.52,-4.62,-8.70
0.75,-5.02,-8.73
1.02,-5.33,-8.83
1.22,-5.46,-8.93
1.49,-5.55,-9.11
1.77,-5.54,-9.27
1.93,-5.49,-9.39
2.13,-5.35,-9.58
2.29,-5.17,-9.79
2.43,-4.93,-10.03
2.49,-4.77,-10.18
2.54,-4.55,-10.37
2.57,-4.31,-10.50
2.56,-4.18,-10.56
2.55,-3.97,-10.62
2.54,-3.79,-10.61
2.53,-3.70,-10.57
2.48,-3.60,-10.50
2.46,-3.52,-10.45
2.46,-3.46,-10.41
2.44,-3.39,-10.34
2.44,-3.34,-10.26
2.46,-3.30,-10.20
2.47,-3.26,-10.19
2.49,-3.22,-10.09
2.50,-3.21,-9.97
2.55,-3.19,-9.97
2.62,-3.20,-9.91
2.68,-3.24,-9.81
2.73,-3.23,-9.75
2.77,-3.28,-9.69
2.80,-3.34,-9.63
2.82,-3.39,-9.53
2.82,-3.42,-9.50
2.80,-3.47,-9.48
2.77,-3.49,-9.50
2.75,-3.53,-9.50
2.70,-3.61,-9.44
2.69,-3.63,-9.40
2.69,-3.64,-9.38
2.69,-3.60,-9.38
2.68,-3.51,-9.38
2.67,-3.45,-9.41
2.67,-3.31,-9.48
2.71,-3.11,-9.57
2.72,-2.87,-9.69
2.73,-2.72,-9.79
2.76,-2.47,-9.95
2.77,-2.21,-10.11
2.78,-2.03,-10.21
2.80,-1.75,-10.37
2.83,-1.48,-10.56
2.86,-1.32,-10.68
2.90,-1.06,-10.86
2.95,-0.84,-11.07
2.99,-0.70,-11.20
3.05,-0.55,-11.42
3.13,-0.45,-11.60
3.21,-0.39,-11.76
3.25,-0.35,-11.80
3.30,-0.37,-11.81
3.34,-0.45,-11.75
3.36,-0.53,-11.69
3.39,-0.68,-11.54
3.40,-0.86,-11.34
3.40,-0.98,-11.18
3.38,-1.14,-10.94
3.36,-1.29,-10.69
3.34,-1.39,-10.54
3.29,-1.56,-10.29
3.23,-1.69,-10.00
3.15,-1.83,-9.69
3.10,-1.92,-9.50
3.01,-2.01,-9.19
2.89,-2.06,-8.90
2.83,-2.05,-8.73
2.75,-2.00,-8.51
2.69,-1.87,-8.34
2.68,-1.77,-8.24
2.68,-1.59,-8.09
2.68,-1.35,-8.01
2.72,-1.05,-7.99
2.76,-0.85,-8.01
2.81,-0.50,-8.15
2.89,-0.17,-8.37
2.95,0.04,-8.56
3.07,0.32,-8.90
3.20,0.58,-9.29
3.31,0.75,-9.53
3.45,0.88,-9.88
3.64,0.99,-10.28
3.76,1.01,-10.51
3.98,1.07,-10.81
4.20,1.02,-11.09
4.34,1.00,-11.22
4.50,0.94,-11.45
4.64,0.87,-11.66
4.73,0.78,-11.78
4.81,0.70,-11.85
4.91,0.56,-11.88
5.02,0.38,-11.66
5.06,0.24,-11.47
5.09,0.04,-11.11
5.06,-0.15,-10.71
5.04,-0.28,-10.45
4.96,-0.50,-10.06
4.85,-0.73,-9.69
4.76,-0.87,-9.49
4.61,-1.10,-9.22
4.45,-1.33,-9.01
4.34,-1.46,-8.90
4.18,-1.59,-8.80
4.02,-1.65,-8.74
3.87,-1.65,-8.70
3.74,-1.62,-8.69
3.56,-1.52,-8.70
3.43,-1.37,-8.73
3.35,-1.25,-8.73
3.25,-1.03,-8.74
3.18,-0.78,-8.77
3.12,-0.61,-8.80
3.07,-0.34,-8.90
3.04,-0.10,-9.03
3.03,0.04,-9.10
3.05,0.19,-9.23
3.13,0.27,-9.39
3.23,0.27,-9.54
3.32,0.26,-9.66
3.45,0.18,-9.84
3.57,0.13,-10.05
3.62,0.05,-10.19
3.71,-0.02,-10.44
3.78,-0.10,-10.74
3.83,-0.15,-10.90
3.88,-0.23,-11.13
3.94,-0.30,-11.37
3.96,-0.36,-11.48
4.00,-0.46,-11.57
4.01,-0.58,-11.63
4.01,-0.68,-11.63
3.99,-0.80,-11.59
3.95,-0.89,-11.51
3.87,-0.93,-11.40
3.80,-0.95,-11.28
3.64,-0.96,-11.06
3.49,-0.99,-10.76
3.39,-1.06,-10.51
3.25,-1.17,-10.14
3.13,-1.27,-9.80
3.05,-1.30,-9.63
2.91,-1.31,-9.45
2.79,-1.25,-9.44
2.71,-1.19,-9.49
2.58,-1.09,-9.57
2.44,-0.99,-9.62
2.30,-0.90,-9.60
2.17,-0.82,-9.55
2.00,-0.65,-9.49
1.86,-0.43,-9.47
1.76,-0.27,-9.46
1.63,0.00,-9.50
1.52,0.26,-9.60
1.47,0.42,-9.68
1.40,0.64,-9.78
1.38,0.81,-9.83
1.38,0.86,-9.85
1.43,0.81,-9.85
1.54,0.61,-9.90
1.65,0.43,-9.97
1.82,0.12,-10.18
2.03,-0.19,-10.44
2.20,-0.47,-10.76
2.31,-0.66,-10.94
2.45,-1.03,-11.13
2.60,-1.54,-11.15
2.71,-1.95,-11.13
2.94,-2.57,-11.04
3.15,-3.05,-11.00
3.26,-3.26,-11.02
3.39,-3.41,-11.13
3.47,-3.40,-11.27
3.48,-3.33,-11.32
3.37,-3.12,-11.42
3.19,-2.76,-11.51
2.94,-2.30,-11.56
2.75,-1.92,-11.55
2.43,-1.25,-11.47
2.05,-0.54,-11.29
1.83,-0.09,-11.11
1.55,0.50,-10.80
1.32,0.99,-10.51
1.24,1.19,-10.33
1.22,1.33,-10.04
1.26,1.20,-9.81
1.33,0.91,-9.61
1.36,0.63,-9.51
1.44,0.10,-9.38
1.59,-0.53,-9.24
1.71,-1.00,-9.17
1.91,-1.67,-9.17
2.11,-2.26,-9.26
2.26,-2.61,-9.39
2.44,-3.07,-9.59
2.65,-3.34,-9.78
2.75,-3.42,-9.86
2.84,-3.35,-10.03
2.86,-3.10,-10.27
2.84,-2.86,-10.43
2.79,-2.43,-10.67
2.71,-1.95,-10.86
2.64,-1.46,-10.98











-,-,-
2.33,-0.96,-10.34
2.34,-0.99,-10.34
2.35,-1.00,-10.34
2.36,-1.02,-10.30
2.36,-1.01,-10.28
2.35,-1.00,-10.27
2.36,-0.99,-10.28
2.36,-0.95,-10.26
2.35,-0.91,-10.23
2.34,-0.88,-10.23
2.35,-0.84,-10.22
2.35,-0.82,-10.22
2.35,-0.80,-10.23
2.34,-0.77,-10.25
2.34,-0.74,-10.25
2.33,-0.71,-10.27
2.32,-0.68,-10.31
2.31,-0.66,-10.38
2.30,-0.65,-10.42
2.29,-0.65,-10.42
2.29,-0.66,-10.46
2.31,-0.66,-10.47
2.32,-0.66,-10.48
2.32,-0.67,-10.49
2.33,-0.68,-10.51
2.34,-0.70,-10.53
2.34,-0.71,-10.53
2.33,-0.74,-10.54
2.34,-0.75,-10.54
2.35,-0.78,-10.57
2.36,-0.81,-10.56
2.37,-0.83,-10.56
2.38,-0.84,-10.56
2.39,-0.87,-10.56
2.41,-0.91,-10.55
2.43,-0.94,-10.55
2.45,-0.98,-10.57
2.50,-0.98,-10.59
2.54,-0.99,-10.64
2.61,-0.99,-10.72
2.68,-1.01,-10.77
2.74,-1.01,-10.83
2.83,-1.03,-10.91
2.94,-1.08,-10.98
3.04,-1.13,-11.05
3.11,-1.14,-11.10
3.20,-1.18,-11.14
3.29,-1.23,-11.18
3.35,-1.26,-11.20
3.44,-1.30,-11.21
3.52,-1.34,-11.21
3.59,-1.34,-11.21
3.69,-1.35,-11.22
3.78,-1.34,-11.23
3.86,-1.33,-11.25
3.95,-1.30,-11.24
4.04,-1.26,-11.23
4.15,-1.22,-11.25
4.21,-1.20,-11.24
4.29,-1.17,-11.26
4.37,-1.13,-11.28
4.43,-1.10,-11.30
4.51,-1.06,-11.28
4.58,-1.02,-11.26
4.64,-1.00,-11.23
4.71,-0.99,-11.18
4.76,-0.99,-11.13
4.80,-1.00,-11.05
4.81,-1.02,-10.97
4.82,-1.04,-10.82
4.80,-1.03,-10.67
4.78,-1.02,-10.56
4.74,-1.03,-10.33
4.63,-0.91,-10.12
4.56,-0.79,-10.01
4.46,-0.57,-9.84
4.35,-0.36,-9.69
4.26,-0.23,-9.60
4.12,-0.04,-9.47
3.98,0.14,-9.33
3.81,0.29,-9.18
3.71,0.38,-9.09
3.55,0.49,-8.95
3.39,0.58,-8.81
3.28,0.65,-8.72
3.12,0.75,-8.57
2.95,0.88,-8.53
2.84,0.98,-8.51
2.68,1.09,-8.40
2.54,1.23,-8.34
2.45,1.30,-8.32
2.35,1.40,-8.25
2.26,1.50,-8.26
2.20,1.58,-8.35
2.09,1.72,-8.53
1.94,1.89,-8.76
1.79,2.09,-9.05
1.66,2.19,-9.29
1.43,2.34,-9.65
1.16,2.51,-10.02
0.96,2.62,-10.20
0.62,2.81,-10.50
0.30,3.02,-10.83
0.07,3.18,-11.13
-0.30,3.46,-11.61
-0.71,3.80,-12.12
-0.99,4.05,-12.46
-1.39,4.41,-12.90
-1.81,4.75,-13.32
-2.20,5.07,-13.77
-2.42,5.23,-14.08
-2.75,5.33,-14.37
-3.05,5.37,-14.58
-3.19,5.40,-14.71
-3.34,5.43,-14.79
-3.46,5.42,-14.75
-3.53,5.33,-14.62
-3.62,5.15,-14.31
-3.70,4.98,-14.01
-3.70,4.55,-13.62
-3.69,4.24,-13.28
-3.67,3.71,-12.87
-3.66,3.14,-12.55
-3.65,2.69,-12.40
-3.68,1.89,-12.09
-3.72,1.10,-11.71
-3.76,0.62,-11.53
-3.81,-0.11,-11.21
-3.90,-0.75,-10.87
-3.96,-1.15,-10.62
-4.04,-1.67,-10.30
-4.10,-2.20,-10.12
-4.16,-2.77,-10.00
-4.17,-3.15,-9.84
-4.16,-3.77,-9.72
-4.14,-4.35,-9.42
-4.09,-4.76,-9.28
-4.02,-5.36,-9.30
-3.90,-5.95,-9.35
-3.80,-6.34,-9.33
-3.65,-6.86,-9.24
-3.43,-7.31,-9.15
-3.12,-7.73,-9.19
-2.93,-7.92,-9.05
-2.60,-8.17,-8.89
-2.31,-8.32,-8.83
-2.06,-8.43,-8.89
-1.70,-8.47,-9.00
-1.32,-8.45,-9.14
-1.07,-8.43,-9.27
-0.68,-8.31,-9.69
-0.24,-8.13,-10.30
0.06,-8.01,-10.77
0.47,-7.81,-11.51
0.88,-7.67,-12.32
1.14,-7.65,-12.78
1.46,-7.73,-13.35
1.73,-7.88,-13.78
1.92,-8.29,-13.99
3.14,-11.74,-15.01
3.63,-15.52,-14.16
3.37,-17.66,-14.18
3.40,-18.18,-13.68
2.82,-15.78,-11.61
2.55,-12.99,-10.78
2.54,-10.94,-10.19
2.75,-8.10,-8.91
3.13,-6.29,-7.25
2.70,-3.61,-5.48
2.79,-3.06,-4.07
2.50,-1.99,-2.69
2.33,-2.15,-1.85
2.11,-2.30,-1.92
2.24,-3.66,-2.09
2.25,-5.45,-2.77
2.19,-6.50,-3.26
2.15,-7.82,-4.15
2.23,-8.95,-4.98
2.26,-9.58,-5.72
2.26,-9.85,-5.99
2.25,-10.00,-6.11
2.36,-9.83,-6.08
2.49,-9.62,-6.03
2.66,-9.16,-5.87
2.88,-8.58,-5.66
3.01,-8.17,-5.56
3.18,-7.52,-5.40
3.40,-6.88,-5.08
3.47,-6.46,-5.00
3.62,-5.93,-5.15
3.79,-5.44,-5.52
3.90,-5.04,-6.15
3.98,-4.76,-6.68
4.12,-4.35,-7.47
4.28,-3.85,-8.31
4.35,-3.53,-8.83
4.44,-3.33,-9.37
4.69,-2.85,-10.18
4.54,-2.57,-10.68
4.29,-1.91,-11.04
4.21,-1.47,-11.50
4.11,-0.94,-11.63
4.02,-0.58,-11.85
3.90,-0.32,-11.86
3.29,0.00,-11.31
3.51,-0.26,-10.99
3.52,-0.11,-10.41
3.55,0.32,-9.98
3.57,0.58,-9.67
3.72,0.94,-9.31
3.79,1.14,-9.03
3.82,1.33,-9.00
3.92,1.69,-9.12
3.95,1.61,-9.13
4.05,1.44,-9.26
4.19,1.16,-9.62
4.25,0.91,-10.00
4.38,0.80,-10.32
4.46,0.84,-10.48
4.59,0.96,-10.68
4.70,1.27,-10.83
4.77,1.46,-10.85
5.01,1.09,-10.85
5.12,0.84,-10.69
5.17,0.76,-10.51
5.30,1.05,-10.43
5.40,1.51,-10.63
5.49,1.82,-10.75
5.71,2.21,-11.02
5.95,2.50,-11.22
6.20,2.73,-11.36
6.34,2.87,-11.48
6.50,3.00,-11.64
6.63,3.01,-11.69
6.71,2.96,-11.70
6.62,3.74,-11.42
5.79,7.50,-9.76
6.10,8.10,-11.18
6.92,7.90,-13.21
6.59,8.39,-12.27
6.05,9.19,-11.54
5.64,10.87,-11.24
5.54,11.73,-12.05
5.30,12.48,-12.64
5.16,12.94,-13.17
5.12,12.70,-14.35
5.09,11.80,-15.33
5.14,10.83,-16.15
5.25,8.65,-17.08
5.46,6.10,-17.42
5.63,4.45,-17.61
5.83,2.10,-17.81
6.06,0.05,-17.32
6.35,-1.62,-16.89
6.47,-2.34,-16.63
6.49,-2.85,-16.36
6.43,-2.94,-16.05
6.40,-3.02,-15.86
6.39,-3.36,-15.30
6.31,-3.58,-14.55
6.17,-3.49,-14.07
5.96,-3.33,-13.41
5.74,-3.21,-12.85
5.50,-3.07,-12.36
5.28,-2.74,-12.05
4.92,-2.00,-11.74
4.53,-1.13,-11.46
4.31,-0.71,-11.26
4.03,-0.28,-11.08
3.70,0.23,-10.88
3.46,0.66,-10.82
3.17,1.07,-10.74
2.98,1.09,-10.61
2.82,1.08,-10.52
2.65,1.08,-10.49
2.51,1.23,-10.47
2.48,1.36,-10.54
2.44,1.56,-10.59
2.42,1.90,-10.75
2.53,1.94,-10.94
2.54,1.96,-10.84
2.54,2.27,-10.93
2.32,1.64,-9.73
2.38,1.31,-10.71
2.72,2.41,-11.77
2.83,2.90,-11.76
2.84,3.19,-11.52
2.92,3.29,-11.39
2.83,2.98,-11.23
2.69,2.81,-11.13
2.73,2.78,-11.21
2.67,2.64,-11.15
2.59,2.42,-10.94
2.52,2.27,-10.73
2.43,2.11,-10.53
2.20,1.93,-10.48
1.99,1.67,-10.45
1.86,1.50,-10.42
1.63,1.32,-10.30
1.44,1.24,-10.25
1.32,1.28,-10.32
1.19,1.31,-10.49
1.07,1.55,-10.75
0.97,1.73,-10.92
0.87,1.93,-11.07
0.72,2.06,-11.11
0.65,2.22,-11.18
0.55,2.60,-11.19
0.55,2.89,-11.48
0.52,3.53,-11.49
-1.13,5.40,-9.95
-2.18,6.33,-8.18
-0.83,5.86,-8.94
-0.41,5.73,-9.39
-0.64,5.93,-10.06
-0.88,5.63,-10.93
-0.95,5.16,-11.53
-1.07,4.45,-12.27
-1.22,3.81,-12.73
-1.32,3.36,-12.96
-1.46,2.49,-13.21
-1.59,1.44,-13.39
-1.70,0.36,-13.50
-1.76,-0.32,-13.60
-1.82,-1.26,-13.70
-1.86,-2.05,-13.72
-1.87,-2.50,-13.73
-1.84,-3.03,-13.69
-1.76,-3.43,-13.59
-1.68,-3.55,-13.45
-1.62,-3.66,-13.38
-1.55,-3.62,-13.28
-1.51,-3.53,-13.23
-1.44,-3.27,-13.19
-1.41,-2.88,-13.21
-1.41,-2.38,-13.26
-1.41,-2.02,-13.29
-1.45,-1.42,-13.36
-1.51,-0.86,-13.47
-1.58,-0.52,-13.52
-1.67,-0.06,-13.57
-1.82,0.34,-13.59
-1.92,0.61,-13.57
-2.11,0.98,-13.62
-2.34,1.30,-13.65
-2.50,1.49,-13.66
-2.76,1.74,-13.68
-3.06,1.91,-13.65
-3.35,1.98,-13.54
-3.51,1.99,-13.44
-3.79,1.88,-13.31
-4.06,1.61,-13.07
-4.23,1.38,-12.88
-4.45,0.95,-12.56
-4.69,0.46,-12.13
-4.83,0.10,-11.80
-5.00,-0.49,-11.24
-5.14,-1.09,-10.60
-5.23,-1.66,-9.94
-5.26,-2.01,-9.50
-5.20,-2.49,-8.89
-5.03,-2.86,-8.49
-4.84,-3.06,-8.32
-4.51,-3.29,-8.22
-4.10,-3.51,-8.29
-3.81,-3.64,-8.41
-3.40,-3.77,-8.70
-3.00,-3.85,-9.12
-2.73,-3.83,-9.42
-2.32,-3.75,-9.93
-1.95,-3.62,-10.52
-1.59,-3.46,-11.11
-1.35,-3.36,-11.48
-1.01,-3.25,-11.95
-0.71,-3.20,-12.30
-0.54,-3.22,-12.52
-0.33,-3.28,-12.73
-0.16,-3.36,-12.80
-0.07,-3.39,-12.77
0.05,-3.38,-12.63
0.12,-3.34,-12.33
0.17,-3.29,-12.05
0.23,-3.25,-11.48
0.24,-3.19,-10.87
0.26,-3.15,-10.26
0.27,-3.12,-9.82
0.27,-3.08,-9.19
0.27,-3.09,-8.69
0.30,-3.14,-8.45
0.34,-3.21,-8.11
0.42,-3.31,-7.84
0.48,-3.39,-7.69
0.56,-3.51,-7.53
0.69,-3.65,-7.35
0.83,-3.80,-7.26
1.05,-4.00,-7.23
1.30,-4.09,-7.22
1.46,-4.16,-7.24
1.75,-4.30,-7.30
2.10,-4.51,-7.41
2.46,-4.61,-7.37
2.59,-4.64,-7.45
2.75,-4.70,-7.64
2.93,-4.79,-7.88
3.06,-4.84,-8.02
3.25,-4.91,-8.23
3.44,-4.98,-8.48
3.57,-5.00,-8.64
3.75,-5.00,-8.89
3.93,-5.04,-9.22
4.04,-5.08,-9.39
4.16,-5.15,-9.59
4.25,-5.20,-9.67
4.29,-5.22,-9.72
4.28,-5.20,-9.74
4.23,-5.08,-9.78
4.14,-4.88,-9.79
4.04,-4.71,-9.82
3.90,-4.41,-9.86
3.78,-4.07,-9.85
3.70,-3.85,-9.78
3.60,-3.57,-9.61
3.53,-3.34,-9.38
3.52,-3.24,-9.11
3.52,-3.26,-8.88
3.55,-3.40,-8.53
3.65,-3.70,-8.25
3.72,-3.92,-8.09
3.79,-4.21,-7.96
3.85,-4.46,-7.91
3.88,-4.61,-7.93
3.92,-4.82,-8.03
3.96,-4.96,-8.07
3.98,-5.02,-8.09
3.98,-5.07,-8.16
4.00,-5.12,-8.22
4.05,-5.20,-8.31
4.10,-5.23,-8.40
4.20,-5.19,-8.66
4.29,-5.02,-9.07
4.35,-4.84,-9.37
4.42,-4.49,-9.90
4.49,-4.09,-10.41
4.53,-3.82,-10.69
4.58,-3.43,-11.05
4.57,-3.07,-11.30
4.55,-2.83,-11.41
4.47,-2.46,-11.46
4.34,-2.07,-11.44
4.19,-1.70,-11.36
4.08,-1.49,-11.27
3.89,-1.21,-11.08
3.65,-1.04,-10.90
3.48,-0.99,-10.69
3.23,-1.04,-10.28
3.01,-1.13,-9.75
2.88,-1.19,-9.46
2.68,-1.26,-9.08
2.52,-1.36,-8.71
2.40,-1.47,-8.38
2.37,-1.56,-8.14
2.37,-1.73,-7.80
2.42,-1.93,-7.60
2.49,-2.09,-7.53
2.66,-2.35,-7.58
2.87,-2.60,-7.83
3.01,-2.76,-8.10
3.25,-2.98,-8.56
3.51,-3.18,-9.06
3.69,-3.31,-9.46
3.94,-3.44,-9.98
4.15,-3.47,-10.46
4.29,-3.40,-10.86
4.34,-3.30,-11.04
4.37,-3.11,-11.19
4.34,-2.95,-11.33
4.30,-2.88,-11.30
4.21,-2.80,-11.09
4.04,-2.65,-10.85
3.89,-2.51,-10.69










-,-,-
3.35,-1.53,-10.31
3.35,-1.47,-10.32
3.35,-1.43,-10.34
3.38,-1.40,-10.37
3.39,-1.36,-10.43
3.43,-1.33,-10.50
3.46,-1.32,-10.55
3.51,-1.35,-10.62
3.56,-1.39,-10.68
3.60,-1.42,-10.74
3.67,-1.48,-10.78
3.74,-1.55,-10.82
3.78,-1.59,-10.84
3.83,-1.66,-10.89
3.88,-1.73,-10.92
3.94,-1.81,-10.95
3.97,-1.88,-10.92
3.99,-1.96,-10.82
4.00,-2.04,-10.73
4.01,-2.09,-10.64
4.02,-2.15,-10.48
4.02,-2.17,-10.31
4.01,-2.16,-10.22
4.01,-2.14,-10.12
4.00,-2.09,-10.04
4.02,-2.03,-9.96
4.03,-1.96,-9.91
4.04,-1.86,-9.87
4.06,-1.77,-9.87
4.08,-1.71,-9.87
4.10,-1.61,-9.85
4.14,-1.53,-9.86
4.17,-1.50,-9.84
4.18,-1.47,-9.79
4.18,-1.40,-9.77
4.21,-1.37,-9.73
4.27,-1.35,-9.67
4.31,-1.37,-9.62
4.34,-1.43,-9.56
4.35,-1.48,-9.51
4.37,-1.55,-9.42
4.38,-1.61,-9.34
4.38,-1.66,-9.28
4.39,-1.71,-9.17
4.39,-1.72,-9.07
4.38,-1.71,-9.02
4.38,-1.64,-8.91
4.38,-1.53,-8.83
4.36,-1.43,-8.80
4.35,-1.36,-8.78
4.33,-1.27,-8.73
4.32,-1.21,-8.71
4.32,-1.20,-8.69
4.31,-1.20,-8.65
4.33,-1.24,-8.68
4.34,-1.27,-8.70
4.38,-1.32,-8.71
4.42,-1.40,-8.77
4.42,-1.45,-8.81
4.41,-1.52,-8.90
4.37,-1.54,-9.02
4.34,-1.55,-9.19
4.30,-1.55,-9.31
4.23,-1.52,-9.54
4.15,-1.46,-9.79
4.07,-1.39,-9.97
3.91,-1.22,-10.26
3.73,-1.03,-10.54
3.61,-0.87,-10.70
3.43,-0.62,-11.01
3.26,-0.35,-11.24
3.16,-0.20,-11.32
3.00,0.03,-11.37
2.84,0.26,-11.34
2.69,0.49,-11.25
2.59,0.64,-11.18
2.44,0.87,-11.04
2.28,1.05,-10.87
2.17,1.15,-10.79
2.02,1.27,-10.63
1.91,1.35,-10.43
1.86,1.40,-10.29
1.78,1.43,-10.09
1.71,1.45,-9.96
1.66,1.46,-9.90
1.60,1.44,-9.89
1.55,1.41,-9.96
1.49,1.36,-10.08
1.45,1.36,-10.21
1.42,1.35,-10.47
1.38,1.32,-10.74
1.35,1.29,-10.92
1.31,1.23,-11.21
1.27,1.14,-11.47
1.26,1.07,-11.64
1.23,0.94,-11.82
1.19,0.76,-11.93
1.16,0.62,-11.97
1.12,0.40,-11.98
1.09,0.20,-11.94
1.03,0.03,-11.86
0.99,-0.08,-11.78
0.91,-0.20,-11.65
0.81,-0.27,-11.56
0.73,-0.28,-11.49
0.61,-0.26,-11.44
0.48,-0.18,-11.38
0.39,-0.12,-11.37
0.24,-0.02,-11.37
0.09,0.09,-11.42
-0.01,0.15,-11.47
-0.14,0.21,-11.57
-0.25,0.21,-11.67
-0.30,0.18,-11.72
-0.37,0.07,-11.78
-0.41,-0.10,-11.82
-0.43,-0.24,-11.82
-0.46,-0.50,-11.82
-0.49,-0.78,-11.77
-0.55,-1.08,-11.67
-0.60,-1.29,-11.59
-0.66,-1.61,-11.48
-0.70,-1.94,-11.32
-0.73,-2.17,-11.20
-0.78,-2.52,-10.99
-0.85,-2.85,-10.77
-0.91,-3.06,-10.61
-1.00,-3.32,-10.45
-1.11,-3.54,-10.33
-1.19,-3.65,-10.25
-1.32,-3.78,-10.11
-1.47,-3.85,-9.99
-1.66,-3.83,-9.85
-1.79,-3.77,-9.79
-1.97,-3.58,-9.69
-2.14,-3.35,-9.62
-2.22,-3.16,-9.58
-2.34,-2.84,-9.54
-2.41,-2.53,-9.51
-2.44,-2.31,-9.51
-2.45,-2.05,-9.53
-2.43,-1.82,-9.63
-2.40,-1.70,-9.72
-2.35,-1.60,-9.90
-2.27,-1.58,-10.15
-2.12,-1.61,-10.46
-2.02,-1.64,-10.73
-1.81,-1.69,-11.18
-1.60,-1.76,-11.69
-1.45,-1.83,-12.05
-1.24,-1.97,-12.54
-0.99,-2.19,-12.94
-0.80,-2.39,-13.15
-0.47,-2.79,-13.35
-0.16,-3.27,-13.33
0.17,-3.85,-13.16
0.34,-4.22,-13.02
0.55,-4.76,-12.81
0.71,-5.25,-12.62
0.81,-5.55,-12.48
0.93,-5.94,-12.32
1.02,-6.22,-12.11
1.10,-6.37,-11.95
1.22,-6.54,-11.71
1.30,-6.64,-11.42
1.34,-6.68,-11.20
1.35,-6.75,-10.81
1.33,-6.85,-10.40
1.24,-6.89,-9.92
1.16,-6.89,-9.59
1.02,-6.81,-9.06
0.90,-6.60,-8.54
0.83,-6.40,-8.22
0.70,-6.04,-7.76
0.55,-5.60,-7.35
0.45,-5.29,-7.09
0.30,-4.85,-6.73
0.19,-4.46,-6.45
0.16,-4.24,-6.31
0.18,-3.96,-6.18
0.27,-3.76,-6.14
0.38,-3.68,-6.16
0.67,-3.62,-6.26
1.06,-3.70,-6.49
1.51,-3.95,-6.80
1.81,-4.19,-7.07
2.24,-4.64,-7.50
2.63,-5.17,-7.94
2.88,-5.52,-8.20
3.18,-6.02,-8.56
3.43,-6.47,-8.87
3.58,-6.74,-9.04
3.76,-7.04,-9.23
3.91,-7.21,-9.37
3.99,-7.25,-9.41
4.05,-7.16,-9.45
4.07,-6.89,-9.39
4.06,-6.43,-9.28
4.01,-6.04,-9.17
3.88,-5.38,-9.01
3.72,-4.69,-8.88
3.56,-4.22,-8.78
3.32,-3.55,-8.61
3.09,-2.94,-8.47
2.96,-2.60,-8.39
2.79,-2.15,-8.24
2.71,-1.82,-8.04
2.71,-1.68,-7.91
2.79,-1.56,-7.66
3.00,-1.63,-7.39
3.37,-1.93,-7.02
3.66,-2.27,-6.75
4.18,-2.94,-6.13
4.67,-3.76,-5.47
5.00,-4.36,-5.02
5.51,-5.31,-4.41
6.02,-6.15,-3.90
6.35,-6.64,-3.67
6.78,-7.21,-3.48
7.09,-7.60,-3.55
7.23,-7.73,-3.73
7.36,-7.70,-4.12
7.38,-7.40,-4.70
7.30,-6.93,-5.44
7.20,-6.54,-5.99
6.98,-5.88,-6.86
6.73,-5.22,-7.83
6.70,-4.87,-8.43
6.75,-4.51,-9.39
6.75,-4.14,-10.16
6.61,-3.81,-10.46
6.02,-3.10,-10.60
5.12,-2.23,-10.59
4.34,-1.30,-10.46
4.01,-0.72,-10.45
3.79,0.06,-10.54
3.74,0.83,-10.71
3.71,1.30,-10.77
3.67,1.91,-10.86
3.70,2.40,-10.86
3.75,2.66,-10.80
3.84,2.96,-10.65
3.95,3.02,-10.52
4.00,3.02,-10.34
4.04,2.95,-10.24
4.07,2.87,-10.27
4.05,2.75,-10.48
4.07,2.64,-10.69
4.12,2.45,-11.03
4.15,2.27,-11.36
4.17,2.16,-11.52
4.19,1.96,-11.64
4.25,1.70,-11.67
4.30,1.51,-11.60
4.37,1.21,-11.44
4.45,0.91,-11.20
4.49,0.64,-10.92
4.53,0.48,-10.71
4.62,0.27,-10.41
4.72,0.10,-10.19
4.78,0.01,-10.10
4.87,-0.08,-10.05
4.96,-0.11,-10.09
5.02,-0.14,-10.14
5.11,-0.14,-10.27
5.21,-0.11,-10.41
5.28,-0.05,-10.51
5.42,-0.15,-10.64
5.57,-0.41,-10.84
5.69,-0.53,-10.99
5.73,-0.49,-11.14
5.83,-0.32,-11.39
6.01,-0.21,-11.65
6.12,-0.25,-11.79
6.25,-0.29,-12.01
6.40,-0.27,-12.25
6.49,-0.21,-12.35
6.60,-0.13,-12.45
6.68,-0.06,-12.46
6.69,-0.03,-12.42
6.67,0.04,-12.31
6.60,0.12,-12.14
6.53,0.19,-12.01
6.38,0.28,-11.78
6.21,0.37,-11.50
6.02,0.44,-11.22
5.88,0.48,-11.03
5.65,0.52,-10.75
5.37,0.58,-10.52
5.18,0.62,-10.39
4.86,0.69,-10.27
4.55,0.77,-10.22
4.33,0.83,-10.17
3.99,0.94,-10.10
3.62,1.12,-10.06
3.42,1.20,-10.05
3.15,1.31,-10.07
2.89,1.39,-10.07
2.64,1.50,-10.03
2.49,1.56,-9.98
2.28,1.69,-9.86
2.05,1.92,-9.74
1.92,2.16,-9.70
1.73,2.66,-9.61
1.54,3.41,-9.61
1.50,3.84,-9.76
1.58,4.23,-10.13
1.85,4.23,-10.52
1.87,4.23,-10.62
1.82,4.15,-10.74
1.76,4.13,-10.78
1.88,3.96,-10.98
1.98,3.77,-11.17
2.17,3.39,-11.60
2.25,3.13,-12.03
2.37,2.90,-12.40
2.40,2.74,-12.87
2.49,2.55,-13.29
2.56,2.36,-13.53
2.56,2.10,-13.76
2.60,1.77,-13.93
2.58,1.47,-14.10
2.56,1.28,-14.15
2.52,1.04,-14.20
2.48,0.82,-14.23
2.47,0.67,-14.26
2.37,0.51,-14.30
2.25,0.41,-14.35
2.18,0.34,-14.41
1.95,0.35,-14.56
1.66,0.51,-14.57
1.49,0.63,-14.53
1.36,0.72,-14.46
1.07,0.91,-14.30
0.91,1.02,-14.14
0.73,1.16,-13.94
0.40,1.42,-13.59
0.27,1.58,-13.26
0.10,1.76,-13.01
-0.10,2.00,-12.55
-0.24,2.24,-12.15
-0.38,2.43,-11.91
-0.51,2.70,-11.54
-0.60,2.89,-11.21
-0.69,3.02,-11.01
-0.79,3.17,-10.71
-0.73,3.13,-10.53
-0.81,3.15,-10.43
-0.85,3.09,-10.39
-0.96,3.03,-10.39
-0.99,2.89,-10.47
-0.99,2.75,-10.54
-1.02,2.56,-10.64
-1.10,2.37,-10.74
-1.05,2.17,-10.83
-1.11,1.92,-10.96
-1.16,1.67,-11.07
-1.12,1.37,-11.19
-1.11,0.87,-11.35
-1.19,0.55,-11.52
-1.24,0.40,-11.67
-1.28,0.18,-11.91
-1.28,0.00,-12.15
-1.27,-0.15,-12.43
-1.27,-0.20,-12.58
-1.26,-0.27,-12.82
-1.28,-0.27,-13.05
-1.31,-0.25,-13.13
-1.39,-0.15,-13.19
-1.47,0.03,-13.16
-1.53,0.16,-13.10
-1.58,0.36,-12.93
-1.64,0.57,-12.68
-1.70,0.72,-12.51
-1.77,0.98,-12.27
-1.83,1.25,-12.03
-1.87,1.42,-11.86
-1.90,1.66,-11.63
-1.90,1.83,-11.43
-1.88,1.96,-11.26
-1.86,2.01,-11.18
-1.84,2.02,-11.05
-1.80,1.92,-10.97
-1.77,1.81,-10.94
-1.69,1.58,-10.93
-1.58,1.29,-10.96
-1.50,1.06,-11.02
-1.35,0.70,-11.11
-1.22,0.32,-11.24
-1.11,-0.05,-11.38
-1.04,-0.30,-11.50
-0.94,-0.65,-11.64
-0.84,-0.96,-11.74
-0.78,-1.13,-11.78
-0.68,-1.37,-11.83
-0.58,-1.53,-11.87
-0.52,-1.63,-11.87
-0.42,-1.76,-11.83
-0.31,-1.81,-11.72
-0.27,-1.82,-11.65
-0.22,-1.76,-11.51
-0.18,-1.65,-11.32
-0.12,-1.50,-11.16
-0.08,-1.38,-11.03
0.01,-1.22,-10.92
0.07,-1.05,-10.87
0.11,-0.90,-10.85
0.17,-0.65,-10.85
0.19,-0.39,-10.92
0.21,-0.22,-10.96
0.22,0.03,-11.04
0.20,0.23,-11.11
0.20,0.35,-11.15
0.18,0.49,-11.22
0.17,0.56,-11.27
0.16,0.58,-11.29
0.14,0.57,-11.28
0.14,0.53,-11.23
0.14,0.47,-11.18
0.17,0.36,-11.07
0.21,0.16,-10.97
0.29,-0.11,-10.94
0.34,-0.22,-10.89
0.43,-0.40,-10.77
0.53,-0.66,-10.62
0.61,-0.86,-10.51
0.71,-1.19,-10.37
0.86,-1.54,-10.25
0.96,-1.76,-10.18
1.12,-2.10,-10.10
1.28,-2.41,-10.05
1.40,-2.61,-10.03
1.56,-2.92,-9.98
1.72,-3.16,-9.91
1.82,-3.34,-9.85
1.97,-3.57,-9.75
2.08,-3.78,-9.67
2.20,-3.97,-9.61
2.27,-4.06,-9.58
2.37,-4.16,-9.58
2.43,-4.22,-9.61
2.45,-4.23,-9.64
2.49,-4.21,-9.70
2.50,-4.17,-9.76
2.51,-4.13,-9.79
2.52,-4.07,-9.84
2.51,-4.01,-9.85
2.49,-3.97,-9.85
2.45,-3.91,-9.82
2.40,-3.86,-9.77
2.37,-3.82,-9.75
2.35,-3.78,-9.72
2.32,-3.71,-9.71
2.28,-3.62,-9.73
2.26,-3.55,-9.77
2.22,-3.42,-9.81
2.18,-3.27,-9.88
2.17,-3.18,-9.92
2.14,-3.05,-9.99
2.11,-2.96,-10.06
2.07,-2.87,-10.09
2.03,-2.85,-10.11
2.00,-2.85,-10.10
1.95,-2.87,-10.07
1.91,-2.88,-10.01
1.87,-2.93,-9.93
1.85,-2.97,-9.83
1.84,-3.01,-9.74
1.84,-3.04,-9.59
1.87,-3.08,-9.40
1.88,-3.12,-9.27
1.91,-3.22,-9.08
2.01,-3.39,-8.83
2.10,-3.56,-8.57
2.17,-3.69,-8.41
2.26,-3.81,-8.18
2.32,-3.90,-8.00
2.35,-3.94,-7.92
2.43,-3.97,-7.84
2.53,-4.01,-7.78
2.60,-4.01,-7.74
2.72,-4.00,-7.68
2.86,-4.00,-7.64
2.93,-3.99,-7.65
3.03,-3.96,-7.69
3.11,-3.92,-7.81
3.18,-3.86,-7.97
3.25,-3.79,-8.11
3.35,-3.67,-8.33
3.44,-3.54,-8.59
3.50,-3.45,-8.75
3.59,-3.32,-9.02
3.69,-3.18,-9.28
3.76,-3.10,-9.45
3.88,-2.98,-9.66
3.99,-2.90,-9.83
4.07,-2.84,-9.94
4.20,-2.78,-10.05
4.34,-2.75,-10.11
4.45,-2.72,-10.11
4.53,-2.73,-10.09
4.63,-2.74,-10.06
4.74,-2.78,-9.98
4.78,-2.83,-9.93
4.82,-2.89,-9.87
4.83,-2.94,-9.77
4.83,-2.99,-9.69
4.82,-3.06,-9.56
4.82,-3.11,-9.43
4.78,-3.15,-9.29
4.73,-3.18,-9.21
4.64,-3.19,-9.09
4.48,-3.18,-8.97
4.36,-3.16,-8.88
4.17,-3.13,-8.74
3.96,-3.05,-8.62
3.84,-2.95,-8.59
3.66,-2.77,-8.58
3.51,-2.59,-8.59
3.45,-2.47,-8.60
3.40,-2.29,-8.63
3.38,-2.11,-8.63
3.39,-1.92,-8.59
3.42,-1.81,-8.61
3.48,-1.66,-8.65
3.61,-1.54,-8.77
3.69,-1.46,-8.88
3.82,-1.30,-9.10
3.95,-1.15,-9.34
4.04,-1.06,-9.49
4.15,-0.91,-9.76
4.24,-0.77,-10.01
4.28,-0.68,-10.19
4.33,-0.55,-10.46
4.30,-0.41,-10.75
4.20,-0.26,-11.06
4.08,-0.15,-11.23
3.86,0.01,-11.48
3.65,0.17,-11.70
3.52,0.28,-11.82
3.34,0.48,-11.95
3.15,0.69,-12.00
3.04,0.79,-11.98
2.92,0.90,-11.86
2.84,0.89,-11.67
2.82,0.84,-11.48
2.83,0.63,-11.09
2.91,0.31,-10.69
3.00,0.08,-10.47
3.14,-0.29,-10.27
3.31,-0.64,-10.06
3.54,-0.89,-9.64
3.66,-1.01,-9.36
3.83,-1.15,-9.10
3.98,-1.28,-9.03
4.06,-1.37,-9.09
4.14,-1.51,-9.28
4.18,-1.66,-9.53
4.19,-1.78,-9.67
4.16,-1.95,-9.83
4.13,-2.15,-9.94
4.13,-2.31,-10.01
4.14,-2.47,-10.11
4.13,-2.50,-10.19
4.15,-2.37,-10.21
4.17,-2.24,-10.19
4.19,-2.01,-10.12
4.20,-1.76,-10.03
4.18,-1.58,-9.98
4.16,-1.38,-9.86
4.14,-1.21,-9.73
4.13,-1.12,-9.65
4.12,-1.02,-9.52











-,-,-
3.07,-1.14,-9.98
3.06,-1.09,-10.03
3.04,-1.05,-10.05
3.00,-1.00,-10.08
2.97,-0.97,-10.09
2.94,-0.94,-10.11
2.92,-0.90,-10.10
2.90,-0.84,-10.12
2.89,-0.79,-10.15
2.87,-0.75,-10.20
2.86,-0.71,-10.25
2.84,-0.68,-10.29
2.83,-0.65,-10.31
2.83,-0.64,-10.35
2.83,-0.64,-10.39
2.82,-0.66,-10.40
2.82,-0.68,-10.43
2.79,-0.68,-10.44
2.77,-0.69,-10.45
2.77,-0.71,-10.47
2.76,-0.77,-10.51
2.72,-0.85,-10.52
2.69,-0.91,-10.51
2.65,-0.98,-10.52
2.62,-1.02,-10.54
2.59,-1.05,-10.56
2.58,-1.07,-10.57
2.58,-1.11,-10.58
2.57,-1.15,-10.59
2.53,-1.21,-10.62
2.49,-1.27,-10.67
2.43,-1.32,-10.71
2.40,-1.35,-10.74
2.37,-1.36,-10.77
2.33,-1.37,-10.79
2.30,-1.36,-10.81
2.26,-1.36,-10.80
2.22,-1.36,-10.79
2.19,-1.36,-10.77
2.14,-1.37,-10.74
2.07,-1.35,-10.69
1.99,-1.34,-10.63
1.92,-1.33,-10.58
1.83,-1.32,-10.53
1.75,-1.31,-10.49
1.69,-1.30,-10.46
1.58,-1.33,-10.41
1.47,-1.37,-10.32
1.40,-1.41,-10.27
1.29,-1.48,-10.17
1.16,-1.56,-10.08
1.02,-1.65,-10.00
0.93,-1.71,-9.96
0.79,-1.82,-9.92
0.70,-1.98,-9.90
0.63,-2.08,-9.88
0.56,-2.26,-9.88
0.51,-2.49,-9.85
0.48,-2.66,-9.81
0.47,-2.99,-9.80
0.48,-3.40,-9.79
0.51,-3.74,-9.79
0.59,-4.31,-9.80
0.68,-4.89,-9.82
0.73,-5.27,-9.87
0.76,-5.81,-9.86
0.79,-6.25,-9.90
0.81,-6.60,-9.93
0.81,-6.80,-9.95
0.78,-7.02,-9.93
0.76,-7.17,-9.89
0.73,-7.23,-9.82
0.73,-7.26,-9.70
0.73,-7.23,-9.59
0.72,-7.15,-9.56
0.66,-6.94,-9.54
0.53,-6.65,-9.60
0.40,-6.43,-9.65
0.19,-6.10,-9.78
-0.09,-5.83,-9.93
-0.29,-5.70,-10.00
-0.59,-5.56,-10.02
-0.89,-5.48,-9.95
-1.11,-5.46,-9.76
-1.17,-5.43,-9.60
-1.20,-5.34,-9.32
-1.18,-5.12,-9.10
-1.14,-4.93,-9.00
-1.08,-4.61,-9.00
-0.97,-4.24,-9.08
-0.88,-3.98,-9.20
-0.78,-3.55,-9.47
-0.69,-3.12,-9.75
-0.63,-2.83,-9.89
-0.55,-2.41,-10.07
-0.49,-2.01,-10.22
-0.44,-1.79,-10.34
-0.36,-1.51,-10.44
-0.27,-1.26,-10.50
-0.12,-1.04,-10.52
-0.02,-0.94,-10.51
0.14,-0.77,-10.47
0.35,-0.66,-10.39
0.50,-0.61,-10.35
0.70,-0.56,-10.26
0.84,-0.45,-10.15
0.91,-0.44,-10.12
1.02,-0.44,-10.04
1.13,-0.43,-9.95
1.24,-0.45,-9.84
1.47,-0.51,-9.70
1.71,-0.64,-9.45
1.87,-0.77,-9.27
2.29,-0.98,-8.60
2.57,-1.21,-7.88
2.88,-1.52,-7.12
3.11,-1.78,-6.67
3.47,-2.15,-6.02
3.77,-2.55,-5.56
3.98,-2.82,-5.34
4.30,-3.24,-5.09
4.67,-3.67,-4.97
4.96,-3.94,-4.94
5.43,-4.27,-5.04
5.88,-4.48,-5.26
6.13,-4.57,-5.51
6.44,-4.59,-5.98
6.65,-4.61,-6.57
6.75,-4.62,-7.23
6.78,-4.61,-7.68
6.83,-4.57,-8.36
6.84,-4.42,-9.01
6.85,-4.28,-9.44
6.83,-3.95,-10.13
6.81,-3.57,-10.78
6.80,-3.29,-11.20
6.76,-2.80,-11.71
6.79,-2.18,-12.14
6.85,-1.43,-12.43
6.85,-0.90,-12.67
6.76,-0.13,-13.05
6.60,0.63,-13.59
6.49,1.15,-14.04
6.35,1.87,-14.72
6.21,2.51,-15.30
6.05,2.86,-15.57
5.76,3.31,-15.86
5.42,3.79,-16.02
5.17,4.19,-16.05
5.01,4.17,-16.09
4.78,4.06,-16.06
4.38,4.40,-15.97
4.14,4.66,-15.81
3.81,5.16,-15.67
3.54,5.71,-15.67
3.39,6.01,-15.65
3.22,6.17,-15.59
3.12,6.05,-15.37
3.09,5.83,-15.15
3.06,5.38,-14.62
3.03,4.76,-13.89
3.06,4.04,-13.01
3.10,3.52,-12.44
3.18,2.72,-11.59
3.25,1.89,-10.79
3.29,1.36,-10.27
3.48,0.61,-9.26
3.60,-0.03,-8.24
3.64,-0.39,-7.63
3.69,-0.85,-6.63
3.73,-1.16,-5.82
3.72,-1.24,-5.50
3.73,-1.26,-5.19
3.68,-0.90,-4.85
3.42,0.41,-4.18
3.59,0.68,-4.70
4.06,0.90,-5.20
4.17,1.23,-4.78
3.97,1.50,-4.61
3.68,2.12,-4.41
3.61,2.71,-4.82
3.67,3.02,-5.14
3.87,3.22,-5.73
4.12,3.15,-6.35
4.19,3.10,-6.88
4.33,3.05,-7.59
4.74,2.84,-8.78
4.76,2.89,-9.56
4.99,2.92,-10.98
4.86,3.07,-12.31
5.15,2.80,-13.69
5.21,2.66,-14.52
5.49,2.21,-15.67
5.56,1.92,-16.47
5.68,1.76,-16.98
5.62,1.59,-17.51
5.88,1.11,-17.76
5.98,0.87,-17.91
5.89,0.83,-17.83
5.75,0.90,-17.51
5.58,1.12,-17.09
5.46,1.21,-16.70
5.29,1.11,-16.08
5.06,0.91,-15.45
4.86,0.90,-14.92
4.44,1.02,-14.12
4.15,0.98,-13.37
4.02,0.87,-12.87
3.56,0.83,-12.11
3.33,0.59,-11.42
3.10,0.52,-11.02
2.90,0.35,-10.52
2.66,0.17,-10.13
2.38,0.03,-9.76
2.20,0.12,-9.49
2.08,0.38,-9.33
1.92,0.64,-9.19
1.88,0.78,-9.11
2.06,0.71,-9.16
2.28,0.40,-9.32
2.33,0.27,-9.37
2.35,0.35,-9.44
2.37,0.81,-9.46
2.43,1.21,-9.49
2.61,1.60,-9.59
2.84,1.62,-9.71
3.01,1.45,-9.79
3.23,1.13,-9.93
3.41,0.98,-10.07
3.62,1.07,-10.27
3.76,1.19,-10.42
3.96,1.30,-10.61
4.10,1.36,-10.77
4.13,1.39,-10.86
4.28,1.30,-11.06
4.27,1.28,-11.26
4.27,1.23,-11.37
4.16,1.17,-11.46
4.12,1.02,-11.61
3.93,0.98,-11.60
3.67,0.91,-11.54
3.39,0.87,-11.52
3.02,0.86,-11.48
2.77,0.90,-11.44
2.36,0.93,-11.36
2.03,0.92,-11.34
1.83,0.92,-11.30
1.44,1.01,-11.24
1.10,1.05,-11.15
0.89,1.09,-11.07
0.54,1.15,-10.92
0.22,1.22,-10.76
0.01,1.28,-10.65
-0.28,1.40,-10.50
-0.57,1.57,-10.36
-0.86,1.74,-10.23
-1.05,1.87,-10.17
-1.33,2.11,-10.11
-1.64,2.36,-10.06
-1.81,2.53,-10.03
-2.04,2.76,-10.00
-2.30,3.02,-9.98
-2.48,3.19,-10.02
-2.70,3.42,-10.10
-2.89,3.62,-10.23
-3.00,3.72,-10.31
-3.10,3.80,-10.43
-3.15,3.79,-10.55
-3.14,3.70,-10.62
-3.09,3.58,-10.66
-2.99,3.29,-10.68
-2.87,2.86,-10.68
-2.81,2.54,-10.67
-2.72,2.00,-10.71
-2.59,1.44,-10.77
-2.50,1.07,-10.81
-2.38,0.54,-10.95
-2.30,0.08,-11.15
-2.23,-0.29,-11.40
-2.18,-0.51,-11.57
-2.14,-0.75,-11.84
-2.10,-0.87,-12.11
-2.07,-0.91,-12.31
-2.01,-0.86,-12.66
-1.99,-0.68,-13.05
-2.00,-0.46,-13.32
-2.01,-0.08,-13.75
-1.99,0.28,-14.16
-1.99,0.55,-14.40
-2.01,0.99,-14.73
-2.04,1.45,-14.97
-2.07,1.92,-15.15
-2.08,2.24,-15.22
-2.18,2.74,-15.31
-2.25,3.15,-15.43
-2.27,3.38,-15.48
-2.26,3.58,-15.50
-2.23,3.68,-15.45
-2.20,3.67,-15.41
-2.14,3.58,-15.27
-2.10,3.37,-15.06
-2.09,3.20,-14.90
-2.07,2.87,-14.63
-2.03,2.48,-14.32
-1.99,2.08,-14.02
-1.99,1.82,-13.83
-1.97,1.45,-13.60
-1.96,1.09,-13.40
-1.97,0.86,-13.24
-1.99,0.54,-12.99
-2.05,0.21,-12.69
-2.08,0.00,-12.48
-2.13,-0.30,-12.09
-2.17,-0.60,-11.67
-2.19,-0.94,-11.25
-2.20,-1.15,-10.93
-2.20,-1.43,-10.47
-2.15,-1.65,-10.08
-2.09,-1.76,-9.86
-1.97,-1.88,-9.58
-1.84,-1.97,-9.35
-1.75,-2.01,-9.22
-1.59,-2.04,-9.05
-1.45,-2.04,-8.93
-1.36,-2.03,-8.88
-1.17,-1.99,-8.86
-0.99,-1.91,-8.88
-0.81,-1.81,-9.00
-0.69,-1.74,-9.12
-0.51,-1.64,-9.35
-0.34,-1.52,-9.61
-0.24,-1.44,-9.80
-0.08,-1.36,-10.10
0.05,-1.29,-10.38
0.14,-1.26,-10.55
0.28,-1.26,-10.77
0.40,-1.29,-10.93
0.48,-1.32,-11.03
0.61,-1.38,-11.10
0.74,-1.47,-11.17
0.82,-1.55,-11.24
0.93,-1.68,-11.32
1.02,-1.81,-11.37
1.11,-1.94,-11.36
1.16,-2.01,-11.32
1.26,-2.19,-11.20
1.37,-2.47,-11.08
1.42,-2.60,-10.95
1.50,-2.81,-10.73
1.57,-3.05,-10.46
1.61,-3.22,-10.27
1.64,-3.49,-10.05
1.65,-3.72,-9.82
1.66,-3.96,-9.68
1.66,-4.10,-9.59
1.68,-4.29,-9.50
1.71,-4.45,-9.41
1.72,-4.54,-9.35
1.73,-4.67,-9.24
1.76,-4.78,-9.10
1.78,-4.85,-9.01
1.81,-4.91,-8.93
1.84,-4.94,-8.86
1.88,-4.95,-8.83
1.92,-4.95,-8.81
1.94,-4.94,-8.77
2.04,-4.90,-8.68
2.06,-4.93,-8.72
2.08,-4.94,-8.70
2.12,-4.94,-8.66
2.16,-4.93,-8.63
2.26,-4.85,-8.56
2.37,-4.75,-8.56
2.44,-4.67,-8.58
2.51,-4.56,-8.67
2.63,-4.39,-8.74
2.73,-4.27,-8.83
2.81,-4.15,-9.09
2.84,-4.00,-9.23
2.87,-3.92,-9.41
2.89,-3.85,-9.48
2.92,-3.76,-9.56
2.98,-3.72,-9.61
3.05,-3.70,-9.62
3.11,-3.65,-9.65
3.12,-3.62,-9.68
3.12,-3.59,-9.68
3.13,-3.51,-9.65
3.14,-3.45,-9.57
3.13,-3.41,-9.51
3.09,-3.37,-9.41
3.05,-3.33,-9.27
2.98,-3.30,-9.12
2.93,-3.28,-8.97
2.86,-3.22,-8.75
2.88,-3.21,-8.47
2.93,-3.21,-8.31
3.01,-3.23,-8.08
3.09,-3.24,-7.90
3.13,-3.23,-7.83
3.18,-3.25,-7.75
3.24,-3.32,-7.70
3.33,-3.37,-7.67
3.39,-3.40,-7.62
3.46,-3.47,-7.59
3.53,-3.53,-7.61
3.59,-3.58,-7.65
3.68,-3.62,-7.71
3.74,-3.62,-7.81
3.79,-3.58,-7.87
3.86,-3.49,-8.01
3.92,-3.38,-8.21
3.96,-3.30,-8.37
4.05,-3.14,-8.60
4.15,-2.99,-8.88
4.26,-2.83,-9.16
4.32,-2.72,-9.34
4.41,-2.55,-9.56
4.46,-2.38,-9.73
4.47,-2.28,-9.83
4.50,-2.11,-9.89
4.54,-1.98,-9.81
4.54,-1.89,-9.71
4.51,-1.81,-9.48
4.42,-1.80,-9.19
4.37,-1.84,-8.94
4.29,-1.99,-8.56
4.17,-2.21,-8.19
4.01,-2.41,-7.93
3.91,-2.50,-7.84
3.78,-2.60,-7.81
3.65,-2.64,-7.90
3.58,-2.62,-7.98
3.46,-2.52,-8.19
3.37,-2.35,-8.40
3.31,-2.21,-8.54
3.26,-2.03,-8.76
3.22,-1.83,-8.94
3.22,-1.70,-9.03
3.19,-1.48,-9.17
3.19,-1.23,-9.33
3.22,-0.97,-9.54
3.25,-0.81,-9.72
3.32,-0.58,-9.97
3.40,-0.38,-10.21
3.46,-0.25,-10.33
3.55,-0.09,-10.46
3.63,0.00,-10.54
3.68,0.02,-10.58
3.76,-0.01,-10.65
3.82,-0.07,-10.79
3.86,-0.12,-10.88
3.87,-0.17,-11.04
3.85,-0.23,-11.17
3.84,-0.26,-11.23
3.80,-0.30,-11.25
3.75,-0.36,-11.22
3.67,-0.43,-11.05
3.62,-0.49,-10.93
3.54,-0.59,-10.77
3.46,-0.68,-10.64
3.40,-0.72,-10.57
3.32,-0.79,-10.49
3.27,-0.86,-10.47
3.25,-0.91,-10.48
3.19,-0.95,-10.51
3.13,-0.95,-10.56
3.10,-0.95,-10.62
3.02,-0.87,-10.69
2.93,-0.75,-10.77
2.84,-0.57,-10.84
2.78,-0.44,-10.86
2.70,-0.21,-10.84
2.62,0.03,-10.77
2.58,0.17,-10.71
2.55,0.34,-10.60
2.53,0.46,-10.49
2.54,0.47,-10.41
2.55,0.43,-10.34
2.58,0.32,-10.35
2.62,0.20,-10.37
2.71,-0.04,-10.35
2.80,-0.30,-10.27
2.86,-0.47,-10.27
2.93,-0.66,-10.38
2.96,-0.79,-10.56
2.95,-0.88,-10.79
2.94,-0.94,-10.96
2.96,-1.01,-11.19
2.94,-1.02,-11.43
2.93,-1.00,-11.57
2.91,-0.91,-11.65
2.85,-0.78,-11.60
2.80,-0.68,-11.50
2.72,-0.59,-11.29
2.70,-0.59,-11.03
2.70,-0.65,-10.86
2.73,-0.81,-10.66
2.77,-1.02,-10.50
2.83,-1.30,-10.42
2.86,-1.51,-10.44
2.87,-1.84,-10.49
2.87,-2.20,-10.48
2.86,-2.43,-10.46











-,-,-
-0.21,-3.62,-8.66
-0.28,-3.86,-8.37
-0.32,-4.02,-8.22
-0.34,-4.25,-8.08
-0.36,-4.42,-8.02
-0.40,-4.53,-7.99
-0.41,-4.57,-8.01
-0.42,-4.55,-8.11
-0.44,-4.48,-8.30
-0.44,-4.43,-8.45
-0.41,-4.31,-8.75
-0.37,-4.18,-9.08
-0.34,-4.07,-9.32
-0.26,-3.89,-9.71
-0.19,-3.70,-10.08
-0.14,-3.57,-10.31
-0.05,-3.35,-10.64
0.06,-3.15,-10.94
0.11,-3.01,-11.12
0.20,-2.84,-11.33
0.29,-2.69,-11.48
0.40,-2.55,-11.55
0.47,-2.46,-11.61
0.62,-2.37,-11.62
0.76,-2.31,-11.59
0.85,-2.28,-11.57
1.05,-2.28,-11.41
1.20,-2.27,-10.95
1.27,-2.28,-10.64
1.36,-2.32,-10.13
1.47,-2.43,-9.69
1.54,-2.58,-9.41
1.57,-2.67,-9.28
1.59,-2.83,-9.13
1.65,-3.04,-9.13
1.68,-3.17,-9.17
1.61,-3.31,-9.22
1.53,-3.48,-9.25
1.52,-3.59,-9.22
1.56,-3.76,-9.15
1.66,-3.95,-9.01
1.75,-4.09,-8.92
1.96,-4.31,-8.77
2.26,-4.56,-8.59
2.54,-4.77,-8.31
2.68,-4.90,-8.10
2.88,-5.13,-7.73
3.11,-5.39,-7.44
3.26,-5.57,-7.28
3.46,-5.85,-7.06
3.65,-6.11,-6.87
3.76,-6.26,-6.74
3.90,-6.46,-6.71
3.99,-6.52,-6.84
4.04,-6.51,-7.03
4.04,-6.39,-7.50
4.02,-6.14,-8.09
3.94,-5.82,-8.82
3.88,-5.57,-9.31
3.80,-5.15,-10.02
3.68,-4.67,-10.69
3.60,-4.32,-11.07
3.49,-3.79,-11.59
3.39,-3.25,-11.92
3.33,-2.91,-12.07
3.27,-2.42,-12.18
3.18,-2.00,-12.20
3.12,-1.74,-12.12
3.04,-1.41,-11.89
2.95,-1.12,-11.60
2.87,-0.96,-11.27
2.82,-0.90,-11.01
2.77,-0.87,-10.58
2.76,-0.96,-10.15
2.76,-1.05,-9.85
2.77,-1.22,-9.40
2.73,-1.48,-9.03
2.70,-1.68,-8.78
2.66,-1.97,-8.48
2.60,-2.24,-8.24
2.52,-2.48,-8.11
2.47,-2.64,-8.04
2.38,-2.88,-7.99
2.27,-3.05,-8.01
2.22,-3.14,-8.06
2.17,-3.26,-8.16
2.13,-3.25,-8.33
2.09,-3.18,-8.53
2.04,-2.96,-8.95
2.03,-2.63,-9.47
2.01,-2.34,-9.79
1.92,-1.77,-10.35
1.83,-1.13,-10.98
1.72,-0.51,-11.46
1.65,-0.12,-11.77
1.69,0.45,-12.35
1.98,0.95,-13.38
2.25,1.41,-14.26
2.58,2.18,-15.75
2.72,3.06,-17.22
2.79,3.63,-18.08
2.94,4.53,-18.92
3.10,5.32,-19.39
3.17,5.82,-19.40
3.22,6.56,-18.97
3.30,7.09,-18.10
3.38,7.26,-17.03
3.38,7.39,-16.27
3.31,7.63,-15.09
3.30,7.69,-13.95
3.32,7.47,-13.28
3.38,6.79,-12.37
3.40,5.88,-11.57
3.40,5.23,-11.09
3.45,4.20,-10.47
3.52,3.17,-9.89
3.59,2.20,-9.32
3.62,1.58,-8.95
3.71,0.70,-8.56
3.92,-0.15,-8.42
3.95,-0.56,-8.37
3.90,-0.54,-8.26
3.71,0.86,-8.15
3.91,1.20,-8.74
4.37,0.74,-9.10
4.59,0.55,-8.88
4.48,0.84,-8.65
4.45,1.55,-8.38
4.42,2.22,-8.36
4.50,2.52,-8.56
4.62,2.94,-9.00
4.78,3.23,-9.70
4.88,3.44,-10.35
4.92,3.60,-10.70
5.09,3.78,-11.18
4.82,4.19,-11.53
4.98,4.19,-11.74
5.24,3.89,-12.25
5.17,3.45,-12.60
5.20,3.15,-12.79
5.09,2.67,-13.10
5.02,2.15,-13.41
4.87,1.84,-13.60
4.81,1.12,-13.77
4.80,0.29,-14.05
4.71,-0.51,-14.17
4.61,-0.86,-14.11
4.24,-0.88,-13.93
4.00,-0.84,-13.61
4.04,-1.03,-13.52
3.79,-0.95,-13.15
3.55,-0.61,-12.86
3.26,-0.32,-12.61
3.16,-0.37,-12.32
2.90,-0.39,-12.00
2.75,-0.51,-11.86
2.46,-0.63,-11.45
2.13,-0.31,-11.08
1.69,0.22,-10.69
1.65,0.18,-10.56
1.65,-0.28,-10.37
1.45,-0.40,-10.09
1.39,-0.44,-9.93
1.15,-0.34,-9.74
1.01,-0.39,-9.67
0.80,-0.23,-9.54
0.44,0.16,-9.41
0.62,-0.03,-9.32
0.65,-0.09,-9.20
0.41,0.41,-9.07
0.14,1.07,-9.14
0.09,1.23,-9.20
0.17,1.12,-9.27
0.09,1.17,-9.17
0.07,1.60,-9.10
-0.02,2.06,-9.15
-0.04,2.57,-9.22
0.06,2.66,-9.17
0.16,2.53,-9.09
0.29,2.31,-8.94
0.32,2.23,-8.80
0.36,2.16,-8.70
0.56,1.98,-8.69
0.76,1.78,-8.78
0.84,1.69,-8.89
0.86,1.59,-9.07
1.04,1.37,-9.37
1.15,1.15,-9.67
1.23,0.86,-10.16
1.13,0.84,-10.63
1.21,0.74,-11.03
1.13,0.63,-11.55
1.07,0.41,-12.04
0.94,0.28,-12.47
0.78,0.25,-12.69
0.56,0.20,-13.04
0.35,0.19,-13.37
0.26,0.22,-13.66
-0.03,0.38,-13.98
-0.15,0.44,-14.34
-0.31,0.54,-14.55
-0.60,0.76,-14.73
-0.75,0.87,-14.83
-0.93,0.97,-14.82
-1.22,1.13,-14.65
-1.48,1.23,-14.28
-1.60,1.25,-13.95
-1.76,1.26,-13.34
-1.90,1.23,-12.66
-2.06,1.12,-12.03
-2.14,1.01,-11.65
-2.24,0.86,-11.16
-2.29,0.65,-10.76
-2.35,0.52,-10.55
-2.42,0.29,-10.30
-2.43,0.03,-10.15
-2.44,-0.16,-10.10
-2.39,-0.44,-10.04
-2.32,-0.70,-10.08
-2.26,-0.85,-10.12
-2.18,-1.05,-10.27
-2.07,-1.23,-10.49
-1.92,-1.36,-10.78
-1.80,-1.37,-10.99
-1.62,-1.25,-11.37
-1.46,-0.97,-11.78
-1.38,-0.75,-12.08
-1.30,-0.32,-12.53
-1.26,0.19,-12.99
-1.27,0.58,-13.29
-1.30,1.09,-13.66
-1.38,1.65,-13.93
-1.45,2.08,-14.06
-1.61,2.75,-14.17
-1.80,3.38,-14.21
-1.97,3.94,-14.19
-2.08,4.28,-14.12
-2.26,4.67,-13.96
-2.44,4.94,-13.71
-2.55,5.05,-13.50
-2.66,5.11,-13.10
-2.79,5.11,-12.61
-2.88,5.09,-12.28
-2.98,5.05,-11.81
-3.00,4.94,-11.39
-2.98,4.80,-11.03
-2.94,4.64,-10.82
-2.81,4.34,-10.57
-2.63,3.92,-10.39
-2.48,3.60,-10.29
-2.21,3.05,-10.19
-1.92,2.44,-10.18
-1.75,2.05,-10.18
-1.49,1.48,-10.24
-1.20,0.91,-10.47
-0.98,0.42,-10.78
-0.84,0.18,-11.04
-0.59,-0.10,-11.49
-0.33,-0.33,-11.98
-0.17,-0.49,-12.33
0.01,-0.68,-12.81
0.14,-0.86,-13.19
0.22,-0.96,-13.41
0.31,-1.09,-13.68
0.39,-1.24,-13.90
0.42,-1.31,-13.94
0.47,-1.41,-13.93
0.47,-1.50,-13.84
0.47,-1.51,-13.73
0.47,-1.51,-13.52
0.45,-1.52,-13.22
0.42,-1.54,-12.85
0.42,-1.56,-12.58
0.42,-1.57,-12.12
0.43,-1.58,-11.63
0.44,-1.61,-11.28
0.44,-1.66,-10.71
0.45,-1.70,-10.12
0.43,-1.73,-9.74
0.46,-1.90,-9.27
0.48,-2.11,-8.86
0.49,-2.22,-8.59
0.51,-2.47,-8.24
0.51,-2.81,-7.93
0.51,-3.06,-7.77
0.50,-3.41,-7.54
0.52,-3.75,-7.39
0.54,-4.04,-7.32
0.57,-4.20,-7.32
0.61,-4.39,-7.38
0.63,-4.53,-7.51
0.66,-4.58,-7.62
0.70,-4.59,-7.86
0.75,-4.53,-8.11
0.80,-4.45,-8.27
0.88,-4.32,-8.54
0.99,-4.19,-8.84
1.07,-4.10,-9.07
1.21,-3.95,-9.33
1.35,-3.78,-9.60
1.43,-3.66,-9.77
1.52,-3.51,-9.99
1.58,-3.43,-10.17
1.64,-3.43,-10.29
1.67,-3.46,-10.34
1.70,-3.56,-10.34
1.71,-3.64,-10.28
1.72,-3.71,-10.22
1.75,-3.81,-10.09
1.76,-3.87,-10.02
1.76,-3.88,-9.98
1.72,-3.87,-9.96
1.67,-3.83,-9.95
1.63,-3.81,-9.98
1.55,-3.78,-10.05
1.47,-3.75,-10.08
1.38,-3.69,-10.10
1.36,-3.63,-10.08
1.33,-3.52,-10.02
1.25,-3.42,-9.98
1.20,-3.39,-9.99
1.11,-3.36,-10.01
1.02,-3.34,-9.97
0.97,-3.35,-9.94
0.92,-3.34,-9.83
0.89,-3.38,-9.72
0.87,-3.41,-9.65
0.88,-3.45,-9.53
0.91,-3.50,-9.44
1.00,-3.50,-9.36
1.06,-3.51,-9.31
1.18,-3.50,-9.28
1.30,-3.46,-9.28
1.37,-3.42,-9.30
1.48,-3.33,-9.37
1.59,-3.26,-9.48
1.66,-3.22,-9.57
1.80,-3.14,-9.72
1.92,-3.05,-9.88
1.99,-2.99,-9.99
2.08,-2.92,-10.18
2.17,-2.87,-10.35
2.22,-2.86,-10.50
2.26,-2.88,-10.57
2.31,-2.96,-10.63
2.36,-3.08,-10.59
2.37,-3.16,-10.50
2.38,-3.27,-10.31
2.39,-3.37,-10.05
2.40,-3.44,-9.88
2.42,-3.52,-9.62
2.46,-3.57,-9.39
2.50,-3.59,-9.16
2.55,-3.57,-9.03
2.62,-3.51,-8.87
2.69,-3.40,-8.76
2.78,-3.34,-8.68
2.92,-3.22,-8.58
3.04,-3.11,-8.54
3.13,-3.03,-8.54
3.25,-2.90,-8.58
3.36,-2.79,-8.66
3.44,-2.71,-8.72
3.53,-2.57,-8.81
3.60,-2.42,-8.86
3.67,-2.30,-8.91
3.69,-2.23,-8.95
3.68,-2.09,-9.03
3.65,-1.98,-9.10
3.65,-1.94,-9.16
3.69,-1.91,-9.21
3.75,-1.91,-9.26
3.80,-1.92,-9.30
3.87,-1.95,-9.41
3.96,-1.98,-9.52
4.02,-2.00,-9.57
4.13,-2.04,-9.63
4.26,-2.10,-9.64
4.40,-2.16,-9.62
4.48,-2.20,-9.60
4.60,-2.28,-9.53
4.70,-2.39,-9.41
4.75,-2.47,-9.33
4.80,-2.57,-9.22
4.82,-2.64,-9.11
4.81,-2.66,-9.05
4.80,-2.69,-8.98
4.76,-2.71,-8.88
4.71,-2.71,-8.84
4.67,-2.68,-8.83
4.66,-2.62,-8.69
4.63,-2.53,-8.58
4.59,-2.46,-8.58
4.56,-2.41,-8.63
4.52,-2.35,-8.65
4.48,-2.31,-8.69
4.39,-2.22,-8.77
4.31,-2.16,-8.88
4.24,-2.10,-8.97
4.12,-2.01,-9.07
3.99,-1.89,-9.14
3.90,-1.81,-9.18
3.78,-1.66,-9.19
3.63,-1.48,-9.17
3.50,-1.29,-9.23
3.42,-1.13,-9.30
3.31,-0.89,-9.42
3.23,-0.63,-9.50
3.20,-0.45,-9.59
3.17,-0.19,-9.72
3.17,0.02,-9.83
3.18,0.15,-9.88
3.23,0.29,-10.01
3.31,0.33,-10.18
3.35,0.34,-10.31
3.42,0.34,-10.50
3.46,0.31,-10.70
3.51,0.21,-10.86
3.56,0.10,-10.95
3.65,-0.16,-10.99
3.74,-0.50,-10.89
3.79,-0.75,-10.81
3.86,-1.19,-10.68
3.93,-1.65,-10.52
3.98,-1.98,-10.45
4.00,-2.42,-10.41
4.01,-2.77,-10.39
3.96,-2.94,-10.38
3.82,-3.06,-10.40
3.62,-3.03,-10.48
3.39,-2.84,-10.54
3.20,-2.60,-10.58
2.88,-2.11,-10.58
2.54,-1.49,-10.49
2.31,-1.02,-10.42
2.01,-0.34,-10.24
1.75,0.25,-10.05
1.63,0.63,-9.92
1.50,1.14,-9.77
1.44,1.53,-9.70
1.46,1.68,-9.72
1.51,1.77,-9.72
1.66,1.60,-9.84
1.93,1.18,-10.08
2.13,0.81,-10.30
2.47,0.21,-10.67
2.77,-0.39,-11.02
2.95,-0.75,-11.25
3.17,-1.25,-11.62
3.32,-1.63,-11.95
3.36,-1.80,-12.12
3.38,-1.98,-12.28
3.33,-2.05,-12.31
3.25,-1.92,-12.25
3.15,-1.75,-12.17
2.95,-1.40,-11.95
2.68,-0.95,-11.68
2.47,-0.64,-11.47
2.15,-0.23,-11.10
1.82,0.15,-10.65
1.63,0.39,-10.37
1.37,0.71,-9.97
1.18,0.96,-9.61










-,-,-
1.41,-3.58,-8.90
1.66,-3.53,-9.14
1.78,-3.53,-9.29
1.95,-3.56,-9.55
2.10,-3.57,-9.82
2.22,-3.56,-10.05
2.31,-3.53,-10.18
2.53,-3.35,-10.39
2.91,-2.88,-10.49
3.15,-2.51,-10.40
3.36,-2.25,-10.28
3.43,-2.16,-10.28
3.47,-2.14,-10.23
3.54,-2.23,-10.22
3.62,-2.40,-10.22
3.64,-2.58,-10.20
3.63,-2.72,-10.19
3.58,-2.93,-10.16
3.51,-3.18,-10.09
3.46,-3.36,-9.99
3.40,-3.63,-9.87
3.34,-3.86,-9.62
3.28,-4.01,-9.38
3.19,-4.21,-8.99
3.06,-4.37,-8.52
2.93,-4.57,-7.98
2.86,-4.72,-7.57
2.80,-5.00,-6.94
2.78,-5.29,-6.27
2.76,-5.48,-5.80
2.74,-5.76,-5.06
2.70,-6.00,-4.29
2.67,-6.16,-3.79
2.67,-6.40,-3.12
2.71,-6.60,-2.58
2.77,-6.71,-2.30
2.90,-6.78,-2.02
2.98,-6.74,-1.95
3.01,-6.61,-2.08
3.03,-6.45,-2.19
3.03,-6.21,-2.52
3.00,-5.97,-2.97
2.99,-5.84,-3.36
2.98,-5.67,-4.01
2.96,-5.46,-4.69
2.91,-5.27,-5.14
2.80,-4.97,-5.90
2.71,-4.68,-6.70
2.62,-4.46,-7.29
2.48,-4.07,-8.08
2.32,-3.71,-8.86
2.16,-3.35,-9.55
2.06,-3.09,-10.01
1.93,-2.69,-10.64
1.85,-2.26,-11.17
1.81,-1.96,-11.48
1.79,-1.49,-11.94
1.79,-1.05,-12.50
1.81,-0.78,-12.79
2.16,-0.67,-13.55
2.05,-0.26,-14.20
1.94,-0.04,-14.50
1.81,-0.09,-14.59
1.70,-0.28,-14.33
1.59,-0.21,-13.83
1.53,-0.04,-13.52
1.47,0.26,-12.97
1.44,0.44,-12.41
1.44,0.49,-11.98
1.46,0.44,-11.26
1.49,0.22,-10.51
1.52,-0.02,-10.00
1.59,-0.45,-9.23
1.65,-1.03,-8.48
1.70,-1.44,-8.05
1.77,-1.98,-7.65
1.81,-2.44,-7.47
1.87,-2.81,-7.49
1.92,-3.01,-7.58
2.01,-3.18,-7.83
2.07,-3.19,-8.16
2.14,-3.15,-8.43
2.26,-3.00,-8.87
2.36,-2.69,-9.24
2.39,-2.43,-9.44
2.40,-2.06,-9.78
2.52,-1.66,-10.13
2.65,-1.37,-10.40
3.00,-0.96,-11.04
3.07,-0.25,-11.60
2.56,2.52,-11.40
2.02,5.39,-11.40
2.59,6.74,-13.26
3.48,7.33,-14.34
3.65,7.82,-14.12
2.99,9.83,-13.93
2.80,11.71,-14.18
2.95,12.31,-14.72
3.07,12.93,-15.49
3.19,13.01,-16.26
3.52,11.96,-17.26
3.72,10.95,-17.98
4.01,9.18,-19.03
4.38,6.94,-20.13
4.58,5.35,-20.69
4.73,3.25,-21.21
4.76,1.47,-21.47
4.77,0.48,-21.45
4.74,-0.63,-21.16
4.63,-1.48,-20.67
4.53,-1.95,-20.24
4.36,-2.57,-19.38
4.15,-3.12,-18.30
3.88,-3.48,-17.05
3.66,-3.57,-16.14
3.35,-3.56,-14.79
3.05,-3.25,-13.57
2.86,-2.91,-12.84
2.58,-2.34,-11.88
2.26,-1.68,-11.18
2.03,-1.19,-10.80
1.73,-0.68,-10.46
1.53,-0.50,-10.32
1.32,-0.46,-10.37
1.20,-0.50,-10.50
0.94,-0.30,-10.61
0.68,0.13,-10.83
0.61,0.21,-11.09
0.64,-0.07,-11.47
0.58,-0.21,-11.68
0.52,-0.22,-11.81
0.46,-0.27,-11.95
0.39,-0.28,-11.99
0.34,-0.21,-12.00
0.35,-0.24,-12.07
0.44,-0.33,-12.03
0.45,-0.27,-11.95
0.45,-0.09,-11.80
0.57,-0.34,-11.59
0.68,-0.68,-11.37
0.74,-0.96,-10.91
0.70,-0.74,-10.48
0.73,-0.62,-10.28
0.92,-0.83,-9.93
1.19,-1.40,-9.58
1.36,-1.92,-9.16
1.39,-2.07,-8.86
1.41,-2.06,-8.52
1.52,-2.19,-8.31
1.62,-2.38,-8.11
1.73,-2.52,-7.82
1.79,-2.50,-7.62
1.82,-2.41,-7.51
1.87,-2.25,-7.43
2.00,-2.27,-7.42
2.06,-2.29,-7.39
2.09,-2.25,-7.39
2.08,-2.07,-7.48
2.05,-1.80,-7.66
2.03,-1.67,-7.81
1.95,-1.49,-7.97
1.86,-1.26,-8.07
1.78,-1.01,-8.13
1.67,-0.70,-8.44
1.56,-0.51,-8.77
1.46,-0.42,-8.84
1.22,-0.33,-8.99
0.93,-0.05,-9.12
0.75,0.15,-9.29
0.51,0.34,-9.63
0.27,0.51,-9.84
0.07,0.67,-9.92
-0.23,0.91,-10.11
-0.43,1.06,-10.35
-0.62,1.14,-10.56
-0.77,1.23,-10.70
-1.00,1.48,-10.88
-1.20,1.77,-11.07
-1.30,1.97,-11.14
-1.39,2.19,-11.22
-1.48,2.35,-11.22
-1.55,2.46,-11.17
-1.67,2.62,-11.12
-1.79,2.80,-11.03
-1.85,2.87,-10.99
-1.91,2.94,-10.93
-1.96,2.98,-10.89
-2.00,3.01,-10.88
-2.04,3.04,-10.89
-2.16,3.11,-10.96
-2.29,3.16,-11.04
-2.38,3.21,-11.14
-2.48,3.32,-11.29
-2.57,3.44,-11.50
-2.63,3.53,-11.66
-2.73,3.66,-11.95
-2.82,3.74,-12.26
-2.92,3.77,-12.52
-3.01,3.78,-12.68
-3.16,3.73,-12.95
-3.30,3.53,-13.19
-3.37,3.31,-13.31
-3.50,2.92,-13.43
-3.55,2.45,-13.50
-3.57,2.13,-13.56
-3.53,1.69,-13.69
-3.53,1.39,-13.83
-3.47,0.97,-13.82
-3.43,0.79,-13.73
-3.32,0.69,-13.70
-3.22,0.58,-13.75
-3.17,0.50,-13.74
-3.15,0.43,-13.80
-3.09,0.50,-13.93
-3.06,0.49,-13.97
-2.91,0.73,-13.76
-3.52,1.46,-12.49
-4.10,1.91,-11.36
-3.31,1.19,-10.55
-2.78,0.80,-10.79
-2.96,1.03,-11.26
-3.02,1.16,-11.78
-2.89,1.09,-12.77
-2.79,1.10,-13.68
-2.74,1.13,-14.20
-2.64,1.09,-14.89
-2.57,1.00,-15.41
-2.52,0.91,-15.65
-2.43,0.82,-15.76
-2.32,0.78,-15.66
-2.23,0.80,-15.52
-2.11,0.83,-15.26
-1.97,0.85,-14.95
-1.87,0.85,-14.63
-1.84,0.81,-14.43
-1.84,0.69,-14.12
-1.88,0.53,-13.80
-1.96,0.37,-13.60
-2.09,0.05,-13.26
-2.22,-0.32,-12.86
-2.31,-0.61,-12.57
-2.40,-1.10,-12.14
-2.45,-1.58,-11.66
-2.48,-1.87,-11.30
-2.48,-2.25,-10.69
-2.42,-2.60,-10.08
-2.30,-2.92,-9.50
-2.20,-3.18,-9.15
-2.04,-3.52,-8.65
-1.89,-3.74,-8.17
-1.78,-3.83,-7.87
-1.61,-3.92,-7.44
-1.40,-3.99,-7.08
-1.25,-4.04,-6.87
-1.02,-4.15,-6.66
-0.79,-4.28,-6.55
-0.64,-4.35,-6.53
-0.43,-4.45,-6.63
-0.23,-4.54,-6.85
-0.06,-4.58,-7.15
0.06,-4.60,-7.43
0.21,-4.55,-7.93
0.34,-4.44,-8.50
0.42,-4.35,-8.87
0.49,-4.11,-9.47
0.57,-3.84,-10.02
0.60,-3.60,-10.31
0.64,-3.28,-10.68
0.65,-2.96,-10.95
0.63,-2.75,-11.09
0.63,-2.50,-11.26
0.59,-2.30,-11.34
0.56,-2.18,-11.39
0.51,-2.08,-11.38
0.46,-1.96,-11.32
0.43,-1.87,-11.23
0.39,-1.85,-11.14
0.33,-1.85,-11.02
0.22,-1.86,-10.89
0.19,-1.91,-10.80
0.15,-2.00,-10.67
0.14,-2.09,-10.54
0.15,-2.17,-10.43
0.19,-2.29,-10.26
0.24,-2.39,-10.13
0.24,-2.45,-10.04
0.28,-2.52,-9.95
0.31,-2.54,-9.93
0.38,-2.56,-9.97
0.42,-2.56,-10.01
0.47,-2.51,-10.14
0.50,-2.47,-10.28
0.51,-2.44,-10.36
0.49,-2.41,-10.48
0.46,-2.39,-10.56
0.43,-2.41,-10.58
0.38,-2.44,-10.58
0.33,-2.46,-10.52
0.30,-2.47,-10.45
0.27,-2.45,-10.35
0.24,-2.38,-10.28
0.24,-2.31,-10.25
0.23,-2.24,-10.24
0.25,-2.11,-10.25
0.28,-1.97,-10.33
0.33,-1.88,-10.40
0.35,-1.72,-10.55
0.40,-1.57,-10.71
0.46,-1.46,-10.83
0.57,-1.35,-11.00
0.68,-1.27,-11.12
0.73,-1.24,-11.18
0.84,-1.24,-11.24
0.89,-1.23,-11.29
0.92,-1.24,-11.31
0.96,-1.26,-11.31
0.98,-1.32,-11.31
1.03,-1.40,-11.26
1.07,-1.46,-11.20
1.12,-1.55,-11.10
1.15,-1.65,-10.98
1.16,-1.71,-10.89
1.19,-1.79,-10.76
1.27,-1.88,-10.59
1.31,-1.94,-10.49
1.33,-1.99,-10.37
1.39,-2.05,-10.28
1.47,-2.07,-10.22
1.54,-2.11,-10.18
1.65,-2.13,-10.13
1.78,-2.17,-10.04
1.84,-2.20,-9.99
1.92,-2.24,-9.92
2.03,-2.31,-9.87
2.11,-2.37,-9.85
2.26,-2.47,-9.80
2.40,-2.56,-9.73
2.49,-2.61,-9.69
2.59,-2.63,-9.67
2.70,-2.66,-9.66
2.78,-2.66,-9.65
2.84,-2.67,-9.65
2.90,-2.70,-9.65
2.92,-2.67,-9.67
2.92,-2.65,-9.69
2.92,-2.60,-9.70
2.90,-2.51,-9.67
2.84,-2.42,-9.63
2.72,-2.25,-9.61
2.59,-2.06,-9.58
2.48,-1.92,-9.58
2.32,-1.69,-9.55
2.17,-1.42,-9.51
2.01,-1.17,-9.48
1.92,-1.02,-9.45
1.83,-0.80,-9.39
1.82,-0.66,-9.30
1.81,-0.57,-9.24
1.83,-0.44,-9.11
1.88,-0.37,-9.02
1.92,-0.37,-9.00
2.04,-0.42,-9.03
2.15,-0.54,-9.09
2.27,-0.62,-9.01
2.44,-0.74,-8.79
2.65,-0.89,-8.70
2.81,-1.00,-8.69
3.02,-1.18,-8.79
3.24,-1.39,-9.02
3.43,-1.60,-9.36
3.56,-1.73,-9.63
3.73,-1.90,-10.13
3.84,-1.98,-10.60
3.91,-2.00,-10.91
3.95,-1.97,-11.35
3.93,-1.83,-11.73
3.88,-1.66,-11.95
3.71,-1.27,-12.23
3.45,-0.76,-12.44
3.17,-0.11,-12.55
2.95,0.35,-12.57
2.61,1.01,-12.57
2.31,1.60,-12.46
2.14,1.93,-12.24
1.96,2.27,-11.82
1.82,2.41,-11.29
1.75,2.43,-10.89
1.66,2.36,-10.37
1.60,2.17,-9.99
1.56,1.96,-9.76
1.56,1.48,-9.56
1.63,0.78,-9.35
1.79,-0.12,-9.06
1.94,-0.75,-8.87
2.13,-1.74,-8.66
2.30,-2.65,-8.55
2.43,-3.20,-8.54
2.63,-3.91,-8.66
2.77,-4.44,-8.85
2.85,-4.70,-9.01
2.94,-4.86,-9.37
2.91,-4.69,-9.78
2.83,-4.42,-10.02
2.63,-3.85,-10.31
2.43,-3.17,-10.51
2.27,-2.44,-10.57
2.18,-1.90,-10.59
2.02,-0.99,-10.63
1.82,-0.05,-10.75
1.68,0.59,-10.87
1.46,1.41,-11.07
1.27,2.06,-11.19
1.19,2.38,-11.22
1.13,2.64,-11.18
1.11,2.66,-11.02
1.14,2.52,-10.89
1.27,2.05,-10.58
1.46,1.37,-10.27










-,-,-
-1.30,0.14,-9.28
-1.35,-0.21,-9.16
-1.37,-0.46,-9.13
-1.36,-0.82,-9.16
-1.36,-1.16,-9.30
-1.36,-1.46,-9.51
-1.35,-1.62,-9.68
-1.35,-1.83,-9.97
-1.33,-2.04,-10.26
-1.32,-2.18,-10.43
-1.31,-2.34,-10.62
-1.30,-2.51,-10.79
-1.28,-2.61,-10.90
-1.28,-2.74,-11.01
-1.30,-2.85,-11.02
-1.33,-2.94,-10.98
-1.36,-2.98,-10.96
-1.40,-3.03,-10.91
-1.42,-3.08,-10.85
-1.42,-3.11,-10.82
-1.47,-3.14,-10.69
-1.49,-3.22,-10.60
-1.50,-3.28,-10.53
-1.53,-3.40,-10.44
-1.53,-3.56,-10.34
-1.53,-3.70,-10.25
-1.52,-3.79,-10.22
-1.48,-3.92,-10.21
-1.44,-4.00,-10.29
-1.40,-4.02,-10.39
-1.33,-4.06,-10.58
-1.23,-4.09,-10.78
-1.16,-4.13,-10.92
-1.01,-4.22,-11.13
-0.86,-4.37,-11.31
-0.76,-4.51,-11.41
-0.59,-4.77,-11.55
-0.42,-5.04,-11.66
-0.27,-5.30,-11.72
-0.19,-5.45,-11.71
-0.08,-5.70,-11.66
-0.00,-5.95,-11.53
0.05,-6.13,-11.40
0.11,-6.40,-11.16
0.16,-6.67,-10.89
0.17,-6.80,-10.72
0.16,-6.90,-10.47
0.12,-6.89,-10.24
0.08,-6.83,-10.13
-0.01,-6.67,-9.97
-0.13,-6.44,-9.87
-0.30,-6.18,-9.80
-0.42,-5.99,-9.78
-0.59,-5.69,-9.74
-0.79,-5.39,-9.72
-0.91,-5.19,-9.71
-1.06,-4.88,-9.73
-1.18,-4.59,-9.80
-1.26,-4.38,-9.79
-1.32,-4.10,-9.75
-1.35,-3.83,-9.69
-1.34,-3.67,-9.62
-1.29,-3.48,-9.51
-1.22,-3.36,-9.37
-1.16,-3.31,-9.25
-1.07,-3.29,-9.04
-0.95,-3.33,-8.83
-0.83,-3.40,-8.60
-0.74,-3.47,-8.45
-0.57,-3.62,-8.25
-0.39,-3.79,-8.06
-0.25,-3.90,-7.94
-0.01,-4.07,-7.77
0.20,-4.21,-7.64
0.32,-4.27,-7.58
0.47,-4.33,-7.46
0.61,-4.37,-7.39
0.69,-4.38,-7.39
0.79,-4.36,-7.40
0.87,-4.31,-7.45
0.93,-4.28,-7.49
0.99,-4.24,-7.53
1.01,-4.17,-7.56
1.00,-4.06,-7.61
0.99,-3.99,-7.63
0.97,-3.87,-7.66
0.98,-3.78,-7.64
1.01,-3.72,-7.61
1.06,-3.64,-7.55
1.19,-3.56,-7.52
1.29,-3.49,-7.54
1.48,-3.33,-7.66
1.69,-3.02,-7.90
1.82,-2.76,-8.15
2.07,-2.30,-8.63
2.32,-1.78,-9.23
2.59,-1.27,-9.87
2.79,-0.95,-10.35
3.11,-0.58,-11.03
3.42,-0.21,-11.63
3.64,0.07,-11.99
3.92,0.49,-12.51
4.14,0.91,-12.96
4.28,1.15,-13.22
4.44,1.49,-13.55
4.54,1.78,-13.72
4.59,1.93,-13.76
4.69,2.04,-13.73
4.81,1.97,-13.61
4.84,1.87,-13.32
4.85,1.65,-13.06
4.81,1.19,-12.65
4.70,0.90,-12.30
4.62,0.73,-12.11
4.52,0.52,-11.87
4.46,0.33,-11.70
4.43,0.24,-11.65
4.43,0.03,-11.59
4.39,-0.10,-11.57
4.34,-0.09,-11.65
4.29,0.06,-11.89
4.28,0.26,-12.16
4.29,0.42,-12.43
4.30,0.47,-12.59
4.29,0.56,-12.78
4.24,0.73,-12.91
4.19,0.89,-12.93
4.13,1.12,-12.90
4.06,1.29,-12.85
4.02,1.36,-12.81
3.90,1.44,-12.80
3.75,1.49,-12.79
3.65,1.49,-12.78
3.49,1.48,-12.70
3.37,1.49,-12.59
3.25,1.43,-12.29
3.17,1.37,-11.96
2.52,3.13,-10.67
1.90,5.35,-9.86
2.26,5.54,-11.21
2.78,6.63,-11.39
2.04,8.03,-10.53
1.42,9.00,-9.85
1.06,9.89,-9.80
1.07,10.32,-9.79
0.91,10.57,-9.76
0.68,10.23,-10.16
0.70,9.16,-10.89
0.74,7.64,-11.81
0.73,6.50,-12.45
0.69,4.63,-13.31
0.69,2.70,-14.03
0.70,1.47,-14.46
0.79,-0.20,-15.01
0.90,-1.57,-15.43
0.98,-2.32,-15.64
1.13,-3.20,-15.94
1.28,-3.59,-16.07
1.37,-3.58,-16.06
1.48,-3.44,-16.03
1.62,-3.29,-15.94
1.73,-3.21,-15.79
1.70,-3.03,-15.59
1.55,-2.60,-15.17
1.36,-2.09,-14.69
1.29,-1.85,-14.33
1.14,-1.62,-13.76
0.83,-1.15,-13.15
0.63,-0.84,-12.76
0.37,-0.51,-12.19
0.04,-0.11,-11.41
-0.15,0.06,-10.85
-0.42,0.11,-10.25
-0.62,-0.15,-9.90
-0.82,-0.49,-9.37
-1.01,-0.53,-8.84
-1.28,-0.41,-8.24
-1.48,-0.06,-7.78
-1.53,0.15,-7.46
-1.47,0.17,-7.04
-1.33,-0.05,-6.87
-1.27,-0.22,-6.88
-1.24,-0.33,-6.92
-1.19,-0.11,-6.87
-1.07,0.16,-6.87
-0.79,0.66,-6.89
-0.34,1.09,-6.75
-0.03,1.25,-6.67
0.45,1.36,-6.60
0.91,1.33,-6.61
1.19,1.24,-6.69
1.57,1.08,-6.88
1.92,0.81,-7.12
2.21,0.40,-7.40
2.33,0.14,-7.61
2.50,-0.26,-8.00
2.66,-0.63,-8.38
2.72,-0.84,-8.65
2.81,-1.14,-9.10
2.86,-1.40,-9.57
2.89,-1.59,-9.92
2.85,-1.85,-10.41
2.69,-2.00,-10.84
2.56,-2.08,-11.13
2.36,-2.10,-11.50
2.05,-1.99,-11.77
1.71,-1.79,-11.98
1.47,-1.60,-12.06
1.10,-1.23,-12.15
0.74,-0.77,-12.16
0.48,-0.41,-12.13
0.11,0.17,-12.08
-0.28,0.82,-12.00
-0.53,1.27,-11.92
-0.93,1.99,-11.75
-1.33,2.78,-11.60
-1.58,3.32,-11.51
-1.91,4.15,-11.42
-2.18,4.93,-11.37
-2.38,5.72,-11.25
-2.48,6.26,-11.10
-2.60,7.00,-10.80
-2.68,7.58,-10.36
-2.72,7.80,-10.19
-2.74,7.89,-10.04
-2.77,7.64,-10.16
-2.79,7.38,-10.30
-2.87,6.89,-10.68
-2.96,6.32,-11.05
-3.03,5.61,-11.61
-3.10,5.08,-12.02
-3.20,4.19,-12.59
-3.21,3.20,-13.16
-3.19,2.55,-13.52
-3.12,1.62,-14.09
-3.11,0.77,-14.68
-3.10,0.24,-15.13
-3.22,-0.42,-15.77
-3.34,-0.94,-16.38
-3.40,-1.19,-16.74
-3.46,-1.38,-17.30
-3.51,-1.38,-17.71
-3.53,-1.18,-17.93
-3.53,-0.98,-18.05
-3.52,-0.57,-18.13
-3.48,-0.03,-18.03
-3.47,0.38,-17.82
-3.47,1.01,-17.34
-3.48,1.63,-16.62
-3.51,2.00,-16.06
-3.59,2.45,-15.19
-3.67,2.69,-14.32
-3.74,2.78,-13.50
-3.79,2.79,-12.98
-3.88,2.69,-12.26
-3.94,2.44,-11.68
-3.98,2.22,-11.34
-3.98,1.86,-10.84
-3.95,1.44,-10.35
-3.94,1.14,-10.04
-3.91,0.66,-9.59
-3.88,0.17,-9.24
-3.86,-0.17,-9.08
-3.82,-0.62,-8.93
-3.74,-1.02,-8.89
-3.62,-1.35,-8.92
-3.52,-1.55,-9.00
-3.38,-1.71,-9.10
-3.22,-1.78,-9.24
-3.12,-1.77,-9.33
-2.97,-1.71,-9.47
-2.84,-1.62,-9.64
-2.74,-1.53,-9.77
-2.60,-1.41,-9.95
-2.47,-1.25,-10.12
-2.40,-1.15,-10.24
-2.30,-0.97,-10.38
-2.22,-0.77,-10.49
-2.19,-0.59,-10.52
-2.17,-0.48,-10.53
-2.17,-0.34,-10.51
-2.20,-0.23,-10.44
-2.23,-0.17,-10.37
-2.27,-0.10,-10.24
-2.29,-0.04,-10.09
-2.30,-0.03,-9.98
-2.29,-0.03,-9.83
-2.28,-0.07,-9.68
-2.25,-0.12,-9.60
-2.21,-0.24,-9.48
-2.13,-0.40,-9.41
-2.05,-0.57,-9.40
-2.00,-0.71,-9.43
-1.92,-0.93,-9.50
-1.84,-1.13,-9.61
-1.77,-1.26,-9.70
-1.68,-1.46,-9.86
-1.56,-1.65,-10.01
-1.49,-1.77,-10.11
-1.38,-1.93,-10.27
-1.24,-2.12,-10.51
-1.17,-2.18,-10.64
-1.07,-2.17,-10.75
-0.98,-2.11,-10.83
-0.91,-2.01,-10.90
-0.87,-1.92,-10.95
-0.80,-1.79,-11.05
-0.74,-1.67,-11.18
-0.68,-1.59,-11.27
-0.60,-1.46,-11.40
-0.51,-1.36,-11.53
-0.45,-1.30,-11.59
-0.35,-1.25,-11.61
-0.29,-1.24,-11.62
-0.24,-1.22,-11.60
-0.17,-1.23,-11.58
-0.11,-1.27,-11.54
-0.06,-1.30,-11.50
-0.00,-1.40,-11.43
0.05,-1.51,-11.34
0.09,-1.62,-11.26
0.11,-1.71,-11.19
0.17,-1.88,-11.11
0.23,-2.04,-11.03
0.26,-2.16,-10.98
0.29,-2.37,-10.93
0.31,-2.57,-10.91
0.33,-2.68,-10.90
0.35,-2.83,-10.91
0.37,-2.94,-10.93
0.38,-3.00,-10.96
0.44,-3.07,-11.02
0.51,-3.18,-11.07
0.54,-3.24,-11.10
0.56,-3.27,-11.10
0.64,-3.32,-11.10
0.70,-3.35,-11.09
0.74,-3.37,-11.07
0.79,-3.34,-11.00
0.83,-3.31,-10.95
0.87,-3.27,-10.92
0.91,-3.20,-10.85
0.93,-3.14,-10.82
0.94,-3.10,-10.80
0.97,-3.03,-10.79
1.01,-2.94,-10.76
1.02,-2.89,-10.69
1.03,-2.85,-10.65
1.05,-2.79,-10.56
1.07,-2.71,-10.46
1.07,-2.66,-10.38
1.06,-2.56,-10.30
1.05,-2.45,-10.24
1.03,-2.36,-10.18
1.00,-2.22,-10.12
0.97,-2.07,-10.06
0.96,-1.98,-10.02
0.96,-1.85,-9.98
0.95,-1.71,-9.94
0.97,-1.58,-9.89
1.00,-1.52,-9.87
1.05,-1.41,-9.82
1.09,-1.32,-9.73
1.13,-1.29,-9.69
1.19,-1.26,-9.63
1.27,-1.24,-9.59
1.34,-1.27,-9.54
1.46,-1.30,-9.46
1.55,-1.31,-9.39
1.61,-1.32,-9.36
1.73,-1.38,-9.29
1.85,-1.44,-9.21
1.98,-1.54,-9.16
2.08,-1.62,-9.10
2.23,-1.75,-9.02
2.41,-1.90,-8.93
2.53,-2.01,-8.87
2.70,-2.18,-8.83
2.85,-2.32,-8.79
2.94,-2.40,-8.80
3.10,-2.51,-8.86
3.27,-2.60,-8.94
3.38,-2.66,-9.02
3.56,-2.74,-9.14
3.70,-2.79,-9.32
3.80,-2.79,-9.48
3.84,-2.78,-9.61
3.87,-2.73,-9.80
3.87,-2.69,-9.99
3.86,-2.66,-10.10
3.82,-2.58,-10.24
3.79,-2.44,-10.31
3.75,-2.35,-10.32
3.66,-2.17,-10.31
3.53,-1.96,-10.24
3.37,-1.74,-10.12
3.25,-1.57,-10.03
3.08,-1.30,-9.87
2.93,-1.05,-9.66
2.86,-0.89,-9.51
2.75,-0.65,-9.27
2.65,-0.41,-9.04
2.60,-0.26,-8.90
2.55,-0.07,-8.68
2.53,0.06,-8.51
2.53,0.10,-8.41
2.55,0.14,-8.32
2.59,0.13,-8.26
2.63,0.09,-8.26
2.70,-0.01,-8.30
2.80,-0.15,-8.37
2.95,-0.33,-8.45
3.06,-0.46,-8.52
3.24,-0.66,-8.62
3.42,-0.86,-8.73
3.52,-1.00,-8.80
3.64,-1.17,-8.93
3.74,-1.31,-9.08
3.80,-1.40,-9.17
3.90,-1.51,-9.32
3.97,-1.58,-9.45
4.00,-1.62,-9.54
4.03,-1.64,-9.70
4.04,-1.63,-9.87
4.04,-1.58,-9.98
4.03,-1.47,-10.17
4.04,-1.31,-10.32
4.01,-1.08,-10.43
3.97,-0.91,-10.51
3.90,-0.63,-10.67
3.82,-0.35,-10.79
3.76,-0.17,-10.83
3.66,0.06,-10.86
3.55,0.26,-10.85
3.45,0.38,-10.85
3.32,0.57,-10.84
3.20,0.73,-10.81
3.14,0.82,-10.77
3.05,0.93,-10.68
2.99,0.99,-10.58
2.94,0.99,-10.45
2.90,0.96,-10.36
2.84,0.86,-10.23
2.80,0.78,-10.15
2.79,0.73,-10.12
2.80,0.64,-10.12
2.83,0.52,-10.18
2.85,0.44,-10.23
2.88,0.30,-10.31
2.91,0.17,-10.42
2.95,0.09,-10.49
2.99,-0.01,-10.60
3.03,-0.11,-10.71
3.06,-0.22,-10.84
3.10,-0.29,-10.90
3.13,-0.40,-10.98
3.15,-0.51,-11.07
3.16,-0.58,-11.12
3.18,-0.72,-11.19
3.23,-0.85,-11.28
3.26,-0.89,-11.32
3.28,-0.93,-11.34
3.26,-0.93,-11.35
3.23,-0.91,-11.35
3.18,-0.86,-11.34
3.11,-0.79,-11.32
3.04,-0.74,-11.31
2.93,-0.65,-11.26
2.82,-0.57,-11.19
2.71,-0.47,-11.12
2.64,-0.40,-11.09
2.55,-0.30,-11.04
2.45,-0.20,-10.98
2.39,-0.15,-10.94
2.30,-0.07,-10.89
2.22,-0.03,-10.83
2.17,-0.02,-10.81
2.11,-0.02,-10.73
2.08,-0.06,-10.64
2.06,-0.10,-10.58
2.03,-0.18,-10.49
1.99,-0.26,-10.41
1.97,-0.34,-10.34
1.96,-0.39,-10.31
1.93,-0.44,-10.28
1.92,-0.51,-10.26
1.90,-0.57,-10.26
1.86,-0.64,-10.23
1.82,-0.71,-10.21
1.79,-0.75,-10.22
1.74,-0.81,-10.24
1.70,-0.84,-10.29
1.67,-0.84,-10.35
1.64,-0.79,-10.45
1.62,-0.72,-10.57
1.60,-0.66,-10.63
1.57,-0.62,-10.66
1.52,-0.58,-10.69
1.45,-0.53,-10.70
1.41,-0.49,-10.72
1.37,-0.40,-10.72
1.34,-0.28,-10.76
1.34,-0.20,-10.81
1.35,-0.11,-10.85
1.36,-0.03,-10.89
1.37,0.01,-10.91
1.39,0.03,-10.93
1.41,0.00,-10.97
1.43,-0.03,-11.00
1.47,-0.10,-11.03
1.50,-0.21,-11.04
1.53,-0.31,-11.02
1.58,-0.46,-10.98
1.63,-0.64,-10.89
1.66,-0.86,-10.79
1.68,-1.00,-10.71
1.70,-1.18,-10.58
1.71,-1.31,-10.47
1.73,-1.37,-10.42
1.71,-1.44,-10.35
1.64,-1.46,-10.30
1.60,-1.46,-10.27
1.51,-1.43,-10.21
1.44,-1.36,-10.21
1.37,-1.28,-10.25
1.33,-1.22,-10.28
1.30,-1.10,-10.37
1.27,-0.97,-10.44
1.26,-0.89,-10.47
1.26,-0.77,-10.56
1.27,-0.66,-10.65
1.28,-0.60,-10.72
1.34,-0.55,-10.84
1.39,-0.52,-10.93
1.43,-0.50,-10.99
1.48,-0.50,-11.07
1.54,-0.51,-11.11
1.58,-0.57,-11.14
1.60,-0.61,-11.14
1.61,-0.70,-11.14
1.62,-0.81,-11.06
1.61,-0.88,-10.98
1.60,-0.99,-10.86
1.59,-1.05,-10.73
1.57,-1.08,-10.65
1.52,-1.09,-10.54
1.45,-1.09,-10.40
1.41,-1.12,-10.31
1.35,-1.20,-10.17
1.30,-1.28,-10.03
1.26,-1.32,-9.98
1.24,-1.35,-9.97
1.21,-1.41,-10.02
1.20,-1.50,-10.08
1.20,-1.58,-10.09
1.24,-1.69,-10.10
1.30,-1.73,-10.12
1.33,-1.70,-10.14
1.37,-1.61,-10.19
1.39,-1.46,-10.22
1.38,-1.34,-10.26
1.38,-1.13,-10.29
1.36,-0.91,-10.31
1.30,-0.67,-10.35
1.25,-0.50,-10.37
1.17,-0.24,-10.39
1.05,0.01,-10.46
0.96,0.14,-10.50
0.82,0.29,-10.52
0.71,0.36,-10.57
0.65,0.36,-10.59
0.59,0.34,-10.58
0.55,0.31,-10.61
0.55,0.26,-10.64
0.56,0.17,-10.69
0.61,0.03,-10.63
0.67,-0.13,-10.58
0.83,-0.44,-10.50
1.01,-0.81,-10.41
1.18,-1.13,-10.41
1.27,-1.30,-10.42
1.40,-1.49,-10.46
1.49,-1.63,-10.53
1.53,-1.63,-10.60
1.58,-1.58,-10.67
1.61,-1.52,-10.75
1.63,-1.48,-10.75
1.68,-1.43,-10.75
1.71,-1.37,-10.74
1.71,-1.32,-10.69
1.67,-1.27,-10.58
1.61,-1.28,-10.43
1.58,-1.36,-10.32










-,-,-
0.81,-0.82,-11.12
0.75,-0.86,-11.17
0.71,-0.87,-11.19
0.63,-0.89,-11.23
0.55,-0.94,-11.25
0.41,-0.96,-11.24
0.30,-0.97,-11.22
0.13,-0.97,-11.18
-0.05,-0.99,-11.14
-0.15,-1.02,-11.11
-0.32,-1.04,-11.02
-0.48,-1.07,-10.88
-0.58,-1.12,-10.78
-0.69,-1.21,-10.62
-0.79,-1.32,-10.43
-0.85,-1.42,-10.31
-0.92,-1.59,-10.16
-0.95,-1.78,-10.03
-0.94,-1.92,-9.94
-0.95,-2.12,-9.74
-0.95,-2.35,-9.56
-0.93,-2.61,-9.37
-0.93,-2.77,-9.21
-0.91,-3.03,-9.00
-0.90,-3.27,-8.85
-0.91,-3.43,-8.76
-0.94,-3.63,-8.58
-0.96,-3.81,-8.42
-0.97,-3.91,-8.31
-1.02,-4.06,-8.19
-1.13,-4.18,-8.05
-1.19,-4.26,-7.97
-1.23,-4.42,-7.85
-1.28,-4.52,-7.76
-1.30,-4.59,-7.71
-1.29,-4.66,-7.66
-1.25,-4.73,-7.66
-1.26,-4.80,-7.60
-1.27,-4.87,-7.54
-1.24,-4.96,-7.47
-1.16,-4.98,-7.52
-1.04,-4.96,-7.53
-0.82,-4.85,-7.67
-0.53,-4.72,-7.98
-0.30,-4.64,-8.25
0.07,-4.54,-8.72
0.41,-4.47,-9.24
0.70,-4.48,-9.74
0.87,-4.51,-10.05
1.07,-4.57,-10.51
1.23,-4.64,-10.92
1.29,-4.68,-11.15
1.35,-4.66,-11.44
1.35,-4.58,-11.65
1.31,-4.49,-11.73
1.25,-4.32,-11.74
1.17,-4.11,-11.61
1.09,-3.96,-11.44
0.96,-3.73,-11.10
0.84,-3.51,-10.73
0.72,-3.29,-10.31
0.64,-3.16,-10.03
0.57,-3.00,-9.59
0.51,-2.86,-9.16
0.48,-2.78,-8.86
0.45,-2.75,-8.43
0.45,-2.76,-8.04
0.46,-2.77,-7.80
0.52,-2.85,-7.50
0.61,-2.99,-7.20
0.67,-3.11,-7.02
0.75,-3.39,-6.82
0.82,-3.72,-6.66
0.89,-3.96,-6.57
1.00,-4.31,-6.49
1.14,-4.59,-6.51
1.28,-4.77,-6.62
1.37,-4.83,-6.76
1.52,-4.86,-7.08
1.67,-4.80,-7.52
1.79,-4.70,-7.86
1.99,-4.50,-8.44
2.18,-4.17,-9.08
2.30,-3.90,-9.52
2.47,-3.42,-10.19
2.68,-2.93,-10.77
2.82,-2.60,-11.07
3.01,-2.11,-11.43
3.19,-1.60,-11.77
3.34,-1.10,-12.04
3.42,-0.79,-12.18
3.54,-0.38,-12.32
3.65,-0.01,-12.62
3.70,0.24,-12.89
3.70,0.60,-13.27
3.68,0.89,-13.58
3.64,1.08,-13.77
3.58,1.37,-14.04
3.52,1.57,-14.20
3.47,1.69,-14.22
3.30,1.86,-14.29
3.06,2.09,-14.37
3.03,2.31,-14.64
3.07,2.55,-14.94
2.99,2.95,-15.29
2.86,2.97,-15.60
2.76,3.06,-15.73
2.59,3.13,-15.79
2.43,3.32,-15.82
2.37,3.52,-15.84
2.37,3.72,-15.94
2.49,3.68,-15.94
2.46,3.47,-15.79
2.48,3.23,-15.61
2.45,2.81,-15.19
2.43,2.37,-14.61
2.42,2.06,-14.11
2.36,1.52,-13.29
2.38,0.96,-12.42
2.37,0.60,-11.87
2.33,0.10,-11.08
2.27,-0.36,-10.43
2.23,-0.62,-10.13
1.92,0.10,-9.57
1.16,2.74,-8.66
1.59,3.11,-10.02
2.11,3.05,-10.35
1.74,3.64,-9.84
0.84,4.86,-9.29
0.51,5.71,-8.92
0.32,6.34,-9.31
0.21,7.06,-9.55
0.04,7.66,-9.79
-0.19,8.04,-10.30
-0.32,8.07,-10.85
-0.39,7.84,-11.25
-0.51,7.12,-11.82
-0.62,5.87,-12.34
-0.64,4.84,-12.59
-0.74,3.22,-12.85
-0.79,1.63,-12.95
-0.88,0.22,-12.90
-0.88,-0.62,-12.81
-0.83,-1.71,-12.67
-0.68,-2.59,-12.49
-0.54,-3.04,-12.38
-0.30,-3.54,-12.20
-0.03,-3.82,-12.02
0.14,-3.92,-11.94
0.47,-4.05,-11.84
0.84,-4.16,-11.70
1.02,-4.13,-11.59
1.25,-3.79,-11.46
1.37,-3.03,-11.35
1.53,-2.43,-11.48
1.69,-2.25,-11.67
1.91,-2.22,-12.02
1.94,-2.09,-12.23
1.84,-1.80,-12.26
1.69,-1.37,-12.36
1.65,-1.16,-12.43
1.60,-0.97,-12.39
1.46,-0.60,-12.21
1.35,-0.35,-12.06
1.30,-0.29,-11.89
1.19,-0.12,-11.72
0.96,0.27,-11.50
0.85,0.44,-11.29
0.87,0.37,-11.17
0.90,0.21,-10.93
0.84,0.20,-10.64
0.75,0.36,-10.46
0.64,0.80,-10.20
0.67,1.12,-10.12
0.77,1.11,-10.16
0.93,0.76,-10.39
1.01,0.29,-10.60
0.91,0.17,-10.69
0.68,0.39,-10.81
0.55,0.76,-10.97
0.54,0.97,-10.99
0.54,1.10,-10.98
0.52,1.13,-10.94
0.47,1.23,-10.92
0.37,1.44,-10.89
0.29,1.61,-10.82
0.17,1.78,-10.58
0.09,1.84,-10.41
-0.02,1.91,-10.14
-0.09,1.92,-9.84
-0.12,1.89,-9.64
-0.16,1.78,-9.35
-0.19,1.58,-9.11
-0.21,1.42,-8.95
-0.23,1.14,-8.72
-0.26,0.72,-8.53
-0.31,0.43,-8.42
-0.41,0.04,-8.25
-0.51,-0.30,-8.15
-0.57,-0.51,-8.15
-0.68,-0.76,-8.16
-0.77,-0.98,-8.28
-0.82,-1.10,-8.38
-0.91,-1.23,-8.58
-1.01,-1.29,-8.80
-1.10,-1.30,-9.03
-1.18,-1.26,-9.16
-1.30,-1.14,-9.36
-1.39,-0.97,-9.49
-1.45,-0.80,-9.55
-1.53,-0.46,-9.63
-1.63,-0.03,-9.69
-1.70,0.33,-9.74
-1.79,0.90,-9.86
-1.83,1.52,-9.95
-1.86,1.92,-10.02
-1.90,2.49,-10.19
-1.97,2.96,-10.42
-2.04,3.36,-10.76
-2.09,3.61,-10.98
-2.13,3.88,-11.34
-2.20,4.09,-11.72
-2.24,4.18,-11.97
-2.32,4.30,-12.33
-2.39,4.35,-12.72
-2.44,4.38,-12.93
-2.53,4.39,-13.33
-2.61,4.28,-13.68
-2.69,4.22,-13.95
-2.75,4.20,-14.08
-2.87,4.14,-14.26
-2.98,4.08,-14.40
-3.06,4.03,-14.48
-3.19,3.95,-14.55
-3.28,3.82,-14.53
-3.34,3.70,-14.52
-3.42,3.47,-14.45
-3.49,3.13,-14.36
-3.52,2.86,-14.27
-3.55,2.36,-14.10
-3.59,1.82,-13.94
-3.59,1.30,-13.72
-3.59,0.94,-13.59
-3.61,0.45,-13.36
-3.62,-0.00,-13.13
-3.62,-0.25,-12.97
-3.65,-0.56,-12.71
-3.69,-0.81,-12.43
-3.66,-0.96,-12.24
-3.61,-1.07,-11.92
-3.56,-0.98,-11.59
-3.54,-0.86,-11.37
-3.49,-0.61,-11.08
-3.43,-0.31,-10.87
-3.33,0.05,-10.75
-3.25,0.28,-10.69
-3.13,0.63,-10.64
-3.02,0.95,-10.62
-2.95,1.11,-10.61
-2.85,1.30,-10.63
-2.76,1.38,-10.70
-2.68,1.39,-10.78
-2.57,1.32,-10.89
-2.45,1.17,-11.04
-2.33,1.00,-11.20
-2.27,0.88,-11.32
-2.19,0.69,-11.53
-2.10,0.47,-11.73
-2.03,0.33,-11.87
-1.93,0.08,-12.05
-1.84,-0.16,-12.21
-1.79,-0.29,-12.30
-1.71,-0.47,-12.42
-1.65,-0.64,-12.49
-1.61,-0.74,-12.54
-1.54,-0.90,-12.57
-1.47,-1.05,-12.55
-1.43,-1.16,-12.50
-1.38,-1.40,-12.38
-1.36,-1.76,-12.18
-1.38,-2.20,-11.90
-1.41,-2.53,-11.65
-1.47,-3.04,-11.23
-1.57,-3.51,-10.75
-1.63,-3.81,-10.42
-1.69,-4.17,-9.97
-1.79,-4.29,-9.51
-1.85,-4.27,-9.18
-1.90,-4.13,-8.68
-1.89,-3.88,-8.24
-1.81,-3.56,-7.91
-1.75,-3.30,-7.76
-1.67,-2.89,-7.62
-1.59,-2.45,-7.60
-1.54,-2.16,-7.63
-1.44,-1.72,-7.74
-1.33,-1.30,-7.96
-1.25,-1.02,-8.16
-1.15,-0.66,-8.51
-1.06,-0.35,-8.92
-1.00,-0.18,-9.21
-0.90,0.06,-9.73
-0.81,0.25,-10.28
-0.71,0.38,-10.82
-0.64,0.43,-11.18
-0.54,0.48,-11.68
-0.45,0.47,-12.13
-0.40,0.43,-12.36
-0.30,0.33,-12.63
-0.25,0.17,-12.80
-0.23,0.02,-12.83
-0.17,-0.23,-12.81
-0.11,-0.52,-12.71
-0.09,-0.74,-12.60
-0.06,-1.07,-12.42
-0.03,-1.39,-12.22
-0.01,-1.60,-12.08
-0.01,-1.91,-11.86
-0.00,-2.20,-11.61
-0.01,-2.41,-11.44
-0.03,-2.71,-11.14
-0.06,-2.99,-10.84
-0.10,-3.23,-10.52
-0.13,-3.36,-10.31
-0.16,-3.51,-10.00
-0.21,-3.60,-9.74
-0.22,-3.62,-9.59
-0.24,-3.60,-9.42
-0.24,-3.53,-9.35
-0.25,-3.44,-9.33
-0.24,-3.29,-9.36
-0.19,-3.17,-9.41
-0.20,-3.05,-9.49
-0.26,-2.83,-9.60
-0.29,-2.59,-9.73
-0.28,-2.43,-9.84
-0.24,-2.21,-10.01
-0.20,-1.99,-10.21
-0.13,-1.79,-10.40
-0.10,-1.65,-10.51
-0.06,-1.42,-10.69
0.00,-1.21,-10.87
0.03,-1.07,-11.00
0.06,-0.89,-11.19
0.14,-0.78,-11.33
0.21,-0.72,-11.42
0.34,-0.66,-11.50
0.45,-0.65,-11.55
0.51,-0.67,-11.58
0.61,-0.73,-11.60
0.68,-0.82,-11.59
0.73,-0.91,-11.57
0.80,-1.06,-11.53
0.87,-1.25,-11.46
0.91,-1.46,-11.30
0.92,-1.59,-11.19
0.96,-1.82,-11.00
1.02,-2.06,-10.80
1.05,-2.20,-10.63
1.07,-2.40,-10.40
1.08,-2.58,-10.20
1.09,-2.68,-10.07
1.14,-2.83,-9.90
1.18,-2.93,-9.72
1.20,-2.99,-9.63
1.27,-3.09,-9.51
1.34,-3.17,-9.40
1.43,-3.22,-9.31
1.48,-3.25,-9.28
1.55,-3.29,-9.22
1.62,-3.31,-9.17
1.68,-3.33,-9.15
1.77,-3.32,-9.15
1.85,-3.28,-9.15
1.89,-3.26,-9.17
1.92,-3.16,-9.18
1.95,-3.03,-9.22
1.98,-2.94,-9.29
2.03,-2.79,-9.41
2.22,-2.42,-9.59
2.37,-2.00,-9.68
2.47,-1.75,-9.74
2.57,-1.49,-9.89
2.64,-1.28,-10.04
2.71,-1.17,-10.13
2.81,-1.07,-10.27
2.92,-1.03,-10.42
3.00,-1.03,-10.46
3.14,-1.09,-10.51
3.23,-1.23,-10.55
3.26,-1.35,-10.52
3.30,-1.59,-10.44
3.31,-1.88,-10.29
3.31,-2.19,-10.10
3.31,-2.40,-9.97
3.32,-2.66,-9.74
3.31,-2.88,-9.56
3.32,-3.00,-9.42
3.29,-3.13,-9.22
3.29,-3.18,-9.03
3.28,-3.18,-8.90
3.28,-3.16,-8.71
3.27,-3.08,-8.55
3.27,-3.02,-8.48
3.27,-2.95,-8.43
3.26,-2.86,-8.36
3.27,-2.73,-8.34
3.27,-2.63,-8.35
3.27,-2.48,-8.37
3.29,-2.34,-8.44
3.31,-2.25,-8.49
3.34,-2.14,-8.59
3.37,-2.04,-8.67
3.39,-2.01,-8.77
3.44,-1.96,-8.87
3.51,-1.90,-8.98
3.60,-1.86,-9.09
3.69,-1.83,-9.17
3.79,-1.76,-9.33
3.91,-1.74,-9.50
4.00,-1.71,-9.61
4.09,-1.63,-9.76
4.19,-1.54,-9.92
4.26,-1.48,-10.00
4.36,-1.42,-10.08
4.44,-1.40,-10.11
4.47,-1.39,-10.10
4.49,-1.39,-10.01
4.53,-1.44,-9.92
4.53,-1.57,-9.84
4.51,-1.66,-9.73
4.47,-1.84,-9.52
4.41,-2.00,-9.24
4.35,-2.10,-9.05
4.25,-2.22,-8.76
4.15,-2.32,-8.49
4.08,-2.37,-8.34
3.99,-2.41,-8.14
3.90,-2.39,-7.98
3.85,-2.33,-7.86
3.82,-2.26,-7.82
3.77,-2.10,-7.85
3.72,-1.92,-7.95
3.69,-1.79,-8.04
3.65,-1.58,-8.22
3.62,-1.39,-8.43
3.60,-1.28,-8.58
3.57,-1.15,-8.87
3.52,-1.09,-9.20
3.51,-1.06,-9.32
3.51,-1.01,-9.45
3.51,-0.95,-9.51
3.50,-0.86,-9.61
3.51,-0.80,-9.67
3.52,-0.71,-9.73
3.55,-0.60,-9.78
3.57,-0.52,-9.81
3.58,-0.44,-9.87
3.58,-0.40,-9.88
3.55,-0.40,-9.90
3.50,-0.44,-9.89
3.45,-0.52,-9.85
3.42,-0.59,-9.79
3.37,-0.72,-9.71
3.35,-0.87,-9.63
3.34,-0.99,-9.57
3.32,-1.12,-9.48
3.31,-1.23,-9.39
3.32,-1.31,-9.29
3.31,-1.35,-9.22
3.31,-1.39,-9.16
3.30,-1.39,-9.09
3.28,-1.40,-9.01
3.28,-1.35,-8.89
3.24,-1.05,-8.51
3.20,-0.82,-8.37
3.12,-0.46,-8.28
3.03,-0.18,-8.34
2.94,0.00,-8.46
2.81,0.24,-8.76
2.70,0.40,-9.13
2.63,0.48,-9.36
2.55,0.57,-9.72
2.48,0.61,-10.01
2.42,0.58,-10.34
2.38,0.55,-10.50
2.34,0.51,-10.68
2.31,0.47,-10.81
2.30,0.45,-10.88
2.30,0.40,-10.98
2.31,0.37,-11.08
2.33,0.37,-11.15
2.37,0.38,-11.28
2.43,0.40,-11.44
2.48,0.40,-11.55
2.55,0.40,-11.68
2.62,0.38,-11.84
2.66,0.36,-11.94
2.72,0.30,-12.09
2.77,0.20,-12.20
2.82,0.06,-12.28
2.85,-0.04,-12.31
2.91,-0.18,-12.35
2.97,-0.29,-12.41
3.00,-0.34,-12.44
3.03,-0.40,-12.54
3.04,-0.45,-12.67
3.04,-0.46,-12.74
3.02,-0.46,-12.86
2.99,-0.48,-12.96
2.94,-0.48,-12.99
2.86,-0.46,-13.03
2.79,-0.44,-13.05
2.69,-0.40,-12.98
2.63,-0.37,-12.93
2.54,-0.29,-12.84
2.48,-0.19,-12.74
2.44,-0.10,-12.69
2.40,0.04,-12.63
2.37,0.15,-12.57
2.34,0.20,-12.53
2.32,0.27,-12.45
2.27,0.30,-12.36
2.23,0.29,-12.28
2.20,0.26,-12.14
2.15,0.21,-12.01
2.10,0.18,-11.92
2.05,0.13,-11.77
2.00,0.08,-11.63
1.95,0.01,-11.49
1.90,-0.06,-11.37
1.83,-0.16,-11.19
1.76,-0.25,-11.02
1.72,-0.33,-10.88
1.65,-0.45,-10.64
1.61,-0.55,-10.42
1.59,-0.64,-10.29
1.58,-0.79,-10.08
1.58,-0.93,-9.90
1.58,-1.02,-9.80
1.59,-1.14,-9.67
1.61,-1.26,-9.59
1.64,-1.35,-9.58
1.67,-1.41,-9.58
1.72,-1.48,-9.62
1.76,-1.53,-9.68
1.79,-1.54,-9.74
1.83,-1.57,-9.84
1.89,-1.56,-9.96
1.91,-1.54,-10.03
1.96,-1.51,-10.15
2.02,-1.50,-10.26
2.04,-1.49,-10.34
2.07,-1.48,-10.42
2.09,-1.46,-10.50
2.09,-1.42,-10.55
2.09,-1.40,-10.58
2.09,-1.34,-10.64
2.10,-1.30,-10.67
2.09,-1.28,-10.68
2.06,-1.23,-10.70
2.01,-1.16,-10.70
1.96,-1.13,-10.67
1.89,-1.03,-10.64
1.82,-0.93,-10.65
1.73,-0.81,-10.65
1.68,-0.74,-10.65
1.62,-0.64,-10.64
1.57,-0.59,-10.58
1.55,-0.60,-10.49
1.55,-0.64,-10.34
1.53,-0.71,-10.15
1.52,-0.78,-10.03
1.52,-0.90,-9.90
1.53,-1.01,-9.81
1.54,-1.07,-9.78
1.56,-1.18,-9.78
1.61,-1.35,-9.72
1.64,-1.47,-9.64
1.69,-1.68,-9.55
1.79,-1.91,-9.47
1.89,-2.13,-9.39
1.95,-2.27,-9.38
2.02,-2.44,-9.46
2.05,-2.55,-9.53
2.06,-2.58,-9.64
2.07,-2.57,-9.82
2.08,-2.53,-9.96
2.09,-2.48,-10.07
2.09,-2.36,-10.20
2.08,-2.20,-10.32
2.06,-1.98,-10.42
2.05,-1.81,-10.50
2.02,-1.56,-10.60
1.99,-1.30,-10.71
1.98,-1.13,-10.79
1.95,-0.91,-10.89
1.92,-0.74,-10.95
1.90,-0.66,-10.94
1.85,-0.62,-10.95
1.78,-0.66,-10.92
1.75,-0.72,-10.90
1.68,-0.81,-10.82
1.60,-0.88,-10.69
1.48,-0.93,-10.54
1.40,-0.95,-10.42
1.30,-0.93,-10.24
1.18,-0.91,-10.04
1.10,-0.91,-9.91
1.01,-0.92,-9.69
0.93,-0.94,-9.51
0.91,-0.96,-9.40
0.90,-0.98,-9.32
0.89,-0.99,-9.34
0.88,-0.98,-9.42
0.86,-0.94,-9.56
0.87,-0.88,-9.74
0.87,-0.86,-9.84
0.87,-0.84,-9.98
0.88,-0.87,-10.08
0.91,-0.90,-10.14
0.98,-0.97,-10.18
1.05,-1.04,-10.24
1.10,-1.07,-10.27
1.18,-1.09,-10.36
1.24,-1.10,-10.46
1.31,-1.09,-10.57
1.35,-1.08,-10.65
1.39,-1.07,-10.78
1.41,-1.03,-10.89
1.43,-1.00,-10.95
1.45,-0.96,-11.02
1.49,-0.93,-11.08
1.52,-0.91,-11.10
1.55,-0.91,-11.12
1.55,-0.92,-11.09
1.55,-0.96,-11.04
1.54,-1.00,-10.97
1.54,-1.06,-10.87
1.50,-1.10,-10.79
1.48,-1.12,-10.72
1.44,-1.13,-10.65
1.37,-1.13,-10.56
1.30,-1.17,-10.52
1.20,-1.27,-10.39
1.13,-1.38,-10.22
1.09,-1.41,-10.13
1.02,-1.39,-10.07
0.97,-1.26,-10.07
0.93,-1.10,-10.12
0.91,-1.00,-10.15
0.88,-0.86,-10.14
0.85,-0.76,-10.12
0.84,-0.70,-10.10
0.85,-0.65,-10.09
0.88,-0.65,-10.10
0.91,-0.68,-10.13
0.98,-0.73,-10.19
1.05,-0.83,-10.30
1.09,-0.90,-10.39
1.18,-1.05,-10.50
1.27,-1.20,-10.57
1.32,-1.29,-10.61
1.41,-1.40,-10.69
1.51,-1.46,-10.76
1.57,-1.44,-10.84
1.60,-1.40,-10.89
1.63,-1.32,-10.95
1.65,-1.23,-10.97
1.66,-1.17,-11.00
1.65,-1.07,-11.01
1.64,-0.97,-11.02
1.64,-0.91,-11.03
1.63,-0.84,-11.08
1.61,-0.76,-11.16
1.59,-0.68,-11.21
1.57,-0.61,-11.23
1.54,-0.52,-11.29
1.53,-0.44,-11.31
1.51,-0.43,-11.31
1.47,-0.42,-11.26
1.45,-0.45,-11.19
1.43,-0.45,-11.16
1.38,-0.47,-11.09
1.34,-0.49,-10.99
1.30,-0.52,-10.95
1.26,-0.58,-10.89
1.24,-0.64,-10.81
1.23,-0.68,-10.74
1.21,-0.74,-10.63
1.20,-0.83,-10.56
1.19,-0.88,-10.52
1.19,-0.93,-10.52
1.17,-0.96,-10.50
1.14,-0.97,-10.48
1.11,-0.96,-10.48
1.08,-0.93,-10.48
1.06,-0.87,-10.49
1.03,-0.81,-10.49
1.03,-0.73,-10.49
1.03,-0.64,-10.53
1.02,-0.60,-10.56
1.04,-0.54,-10.64
1.06,-0.52,-10.69
1.07,-0.54,-10.73
1.08,-0.56,-10.75
1.11,-0.58,-10.80
1.13,-0.60,-10.81
1.15,-0.61,-10.79
1.19,-0.62,-10.71
1.24,-0.67,-10.62
1.28,-0.72,-10.59
1.33,-0.83,-10.52
1.39,-0.99,-10.49
1.42,-1.11,-10.46
1.49,-1.28,-10.44
1.54,-1.41,-10.43
1.56,-1.50,-10.44
1.56,-1.51,-10.46
1.57,-1.48,-10.50
1.58,-1.42,-10.50
1.57,-1.35,-10.51
1.56,-1.23,-10.51
1.53,-1.07,-10.52
1.52,-0.96,-10.51
1.47,-0.80,-10.53
1.43,-0.67,-10.58
1.40,-0.59,-10.59
1.35,-0.50,-10.63
1.34,-0.47,-10.72
1.32,-0.48,-10.75
1.30,-0.48,-10.75
1.28,-0.50,-10.71
1.27,-0.53,-10.63
1.27,-0.54,-10.59
1.26,-0.56,-10.54
1.26,-0.55,-10.47
1.26,-0.54,-10.46
1.27,-0.53,-10.45
1.29,-0.53,-10.45
1.30,-0.55,-10.45
1.33,-0.59,-10.47
1.36,-0.65,-10.47
1.39,-0.68,-10.48
1.44,-0.75,-10.48
1.48,-0.83,-10.47
1.54,-0.91,-10.46
1.58,-0.97,-10.46
1.63,-1.07,-10.47
1.68,-1.15,-10.46
1.72,-1.20,-10.46
1.78,-1.26,-10.42
1.82,-1.30,-10.38
1.83,-1.33,-10.37
1.84,-1.37,-10.37
1.86,-1.39,-10.37
1.85,-1.39,-10.39
1.85,-1.38,-10.40
1.85,-1.36,-10.42
1.83,-1.30,-10.46
1.81,-1.25,-10.47
1.78,-1.17,-10.50
1.78,-1.08,-10.51
1.78,-1.01,-10.50
1.75,-0.93,-10.49
1.71,-0.85,-10.47
1.69,-0.81,-10.46
1.65,-0.74,-10.44
1.60,-0.67,-10.42
1.55,-0.63,-10.42
1.53,-0.60,-10.43
1.50,-0.59,-10.42
1.47,-0.59,-10.41
1.45,-0.60,-10.39
1.40,-0.62,-10.34
1.38,-0.62,-10.31
1.37,-0.62,-10.29
1.37,-0.64,-10.26
1.39,-0.65,-10.23
1.40,-0.67,-10.21
1.41,-0.68,-10.17
1.42,-0.72,-10.16
1.45,-0.76,-10.16
1.46,-0.79,-10.16
1.50,-0.88,-10.18
1.54,-0.96,-10.21
1.57,-1.02,-10.23
1.61,-1.10,-10.24
1.65,-1.20,-10.22
1.68,-1.27,-10.22
1.72,-1.35,-10.23
1.76,-1.42,-10.25
1.78,-1.45,-10.26
1.82,-1.49,-10.31
1.89,-1.52,-10.35
1.95,-1.53,-10.40
1.97,-1.53,-10.42
1.99,-1.47,-10.48
1.99,-1.40,-10.57
1.99,-1.34,-10.63
1.97,-1.23,-10.70
1.92,-1.09,-10.74
1.88,-1.00,-10.75
1.82,-0.88,-10.74
1.76,-0.79,-10.78
1.71,-0.76,-10.79
1.64,-0.72,-10.81
1.57,-0.71,-10.78
1.50,-0.70,-10.75
1.46,-0.69,-10.71
1.40,-0.67,-10.62
1.34,-0.63,-10.54
1.30,-0.59,-10.48
1.24,-0.53,-10.37
1.17,-0.48,-10.24
1.12,-0.47,-10.16
1.07,-0.51,-9.97
1.07,-0.64,-9.67
1.06,-0.74,-9.49
1.07,-0.87,-9.29
1.11,-0.99,-9.25
1.13,-1.07,-9.36
1.13,-1.10,-9.49
1.13,-1.14,-9.72
1.17,-1.17,-9.94
1.19,-1.18,-10.06
1.17,-1.17,-10.22
1.18,-1.10,-10.44
1.23,-1.06,-10.57
1.34,-1.01,-10.75
1.49,-1.01,-10.91
1.56,-1.00,-10.97
1.66,-1.01,-11.07
1.74,-0.98,-11.18
1.78,-0.94,-11.28
1.80,-0.90,-11.32
1.82,-0.84,-11.39
1.83,-0.77,-11.38
1.82,-0.71,-11.38
1.79,-0.62,-11.33
1.73,-0.51,-11.25
1.67,-0.44,-11.19
1.55,-0.31,-11.09
1.38,-0.22,-10.96
1.24,-0.15,-10.91
1.07,-0.07,-10.84
0.92,0.04,-10.74
0.79,0.19,-10.60
0.70,0.29,-10.50
0.62,0.41,-10.34
0.57,0.49,-10.15
0.54,0.48,-10.05
0.53,0.36,-9.87
0.59,0.10,-9.75
0.64,-0.15,-9.68
0.75,-0.58,-9.62
0.86,-0.99,-9.63
0.92,-1.24,-9.66
0.93,-1.56,-9.69
0.88,-1.89,-9.71
0.82,-2.11,-9.69
0.73,-2.40,-9.60
0.62,-2.49,-9.53
0.52,-2.40,-9.48
0.35,-2.08,-9.44
0.18,-1.73,-9.45
0.13,-1.63,-9.49
0.15,-1.73,-9.51
0.25,-1.96,-9.50
0.35,-2.10,-9.59
0.41,-2.09,-9.69
0.51,-1.96,-9.92
0.63,-1.71,-10.18
0.72,-1.50,-10.35
0.85,-1.11,-10.56
0.97,-0.65,-10.73
1.06,-0.32,-10.86
1.20,0.20,-11.07
1.35,0.70,-11.27
1.44,0.98,-11.39
1.53,1.35,-11.62
1.63,1.63,-11.87
1.69,1.71,-12.03
1.77,1.78,-12.16
1.80,1.82,-12.21
1.80,1.80,-12.19
1.79,1.78,-12.13
1.73,1.73,-11.99
1.64,1.68,-11.75
