










-,-,-
-2.08,-8.39,-6.33
-2.92,-8.43,-6.10
-3.01,-8.37,-6.35
-3.28,-8.55,-6.73
-4.02,-8.33,-6.47
-3.87,-9.14,-6.24
-3.68,-8.90,-5.30
-4.75,-8.00,-5.77
-4.11,-7.79,-4.73
-3.81,-7.63,-4.99
-3.26,-8.43,-4.50
-2.86,-8.31,-3.89
-2.95,-7.09,-4.00
-1.34,-8.26,-4.63
-3.20,-6.05,-5.55
-2.64,-6.73,-6.17
-2.59,-6.78,-5.37
-3.51,-5.54,-6.25
-3.19,-6.82,-5.84
-3.44,-7.94,-5.63
-4.09,-9.66,-6.47
-3.34,-9.49,-7.59
-3.00,-8.58,-8.12
-2.63,-7.15,-8.81
-2.04,-5.80,-7.82
-2.18,-5.66,-8.11
-1.83,-4.46,-6.81
-1.94,-6.05,-5.96
-1.27,-6.39,-6.08
-1.71,-5.42,-4.51
-1.75,-5.90,-1.88
-2.86,-7.30,-4.14
-2.52,-6.11,-4.04
-6.48,-6.15,-11.56
0.92,-8.26,-5.95
2.08,-5.68,-5.77
2.31,-4.84,-7.23
1.51,-6.00,-5.77
3.46,-6.51,-7.38
4.67,-8.53,-9.07
3.50,-7.35,-11.31
3.52,-6.08,-9.64
4.32,-6.47,-11.87
4.13,-5.26,-11.09
4.03,-5.40,-10.53
3.85,-5.97,-12.84
4.29,-5.47,-11.80
3.73,-5.71,-9.77
2.28,-2.90,-10.72
3.32,-3.89,-10.06
2.88,-3.93,-9.45
2.51,-3.22,-9.11
1.95,-2.94,-9.11
2.12,-3.69,-11.50
1.42,-4.92,-11.65
0.85,-5.47,-10.79
0.37,-4.50,-8.18
-0.35,-3.78,-6.61
-0.86,-4.36,-6.27
-1.02,-4.47,-6.32
-1.45,-4.86,-7.28
-0.97,-4.99,-8.11
-1.32,-5.30,-9.00
-1.60,-5.72,-9.16
-1.36,-6.05,-9.59
-0.65,-6.16,-9.39
-0.76,-6.00,-8.27
-0.68,-6.66,-7.72
-0.19,-7.29,-7.50
-0.49,-7.75,-7.57
-1.26,-8.72,-7.74
-0.73,-8.15,-7.63
-0.10,-7.38,-8.39
0.31,-6.28,-8.84
0.23,-5.15,-8.93
-0.11,-5.23,-9.22
-0.32,-5.58,-9.55
-0.01,-6.52,-9.44
-0.03,-6.33,-9.12
0.75,-4.98,-8.89
1.09,-4.26,-9.01
1.72,-2.29,-8.87
2.21,-1.79,-9.17
2.62,-1.51,-9.84
3.26,-0.77,-10.43
4.40,-0.15,-10.57
4.50,-0.35,-11.11
4.21,-0.94,-11.17
3.54,-1.64,-10.75
3.06,-2.20,-10.19
2.60,-2.22,-9.73
2.58,-2.79,-9.72
2.36,-2.82,-9.61
2.23,-2.89,-9.95
2.71,-2.45,-9.98
3.17,-1.93,-10.18
3.28,-1.42,-10.07
3.50,-1.44,-10.33
3.37,-1.53,-10.10
2.88,-1.82,-10.24
2.97,-1.49,-10.14
3.03,-1.66,-10.04
3.15,-1.41,-9.98
3.45,-0.89,-10.24
3.51,-1.07,-10.47
3.15,-1.40,-10.59
3.03,-1.55,-10.36
2.82,-1.28,-10.14
2.65,-1.19,-10.07
2.65,-1.05,-10.03
2.72,-1.37,-10.40
2.63,-1.48,-10.66
2.77,-1.36,-10.56
2.98,-1.04,-10.71
3.03,-0.56,-11.19
3.66,-1.12,-12.37
3.15,-1.49,-13.75
2.36,-2.15,-12.75
0.97,-2.66,-10.65
0.59,-2.95,-9.04
-0.60,-3.02,-8.36
-0.82,-3.42,-8.64
-1.42,-3.06,-7.99
-1.87,-3.80,-8.25
-1.87,-4.47,-7.67
-2.21,-4.81,-7.03
-2.15,-4.69,-6.20
-2.20,-5.87,-6.36
-3.41,-6.86,-7.11
-2.84,-8.11,-6.41
-3.74,-8.06,-6.17
-4.71,-8.34,-5.05
-6.75,-8.47,-5.21
-6.37,-7.40,-6.05
-4.98,-5.11,-6.43
-4.24,-5.26,-7.90
-3.00,-5.20,-8.79
-2.75,-5.23,-9.35
-2.99,-4.98,-9.73
-1.80,-4.88,-9.35
-1.91,-5.31,-10.29
-1.66,-4.20,-10.57
-3.32,-5.11,-9.66
-2.65,-5.47,-8.90
-1.03,-5.41,-9.11
-0.44,-4.34,-8.96
-0.37,-3.69,-9.36
-1.02,-3.82,-10.11
-1.75,-4.81,-10.81
-1.36,-5.04,-9.11
-2.00,-4.91,-8.67
-2.07,-4.94,-9.26
-1.38,-3.62,-8.96
-1.24,-3.24,-9.69
-1.10,-3.41,-9.71
-1.10,-3.68,-9.71
-1.28,-4.16,-9.74
-1.28,-4.22,-9.69
-1.24,-4.21,-9.79
-1.07,-4.20,-10.12
-1.14,-3.98,-9.88
-0.99,-3.79,-9.65
-0.94,-3.98,-9.77
-0.89,-4.12,-9.96
-0.73,-3.91,-9.78
-0.77,-3.75,-9.75
-0.63,-3.79,-9.85
-0.38,-4.02,-9.61
-0.95,-4.42,-9.88










-,-,-
-0.82,-4.47,-10.05
-0.96,-4.82,-9.67
-1.64,-5.44,-8.69
-2.29,-5.37,-8.28
-1.71,-4.62,-8.53
-1.06,-3.56,-9.01
-0.70,-2.56,-9.37
-0.59,-2.90,-8.84
-1.09,-4.81,-9.49
-1.22,-6.14,-9.82
-0.38,-5.69,-8.65
-1.89,-6.16,-9.54
-3.13,-7.06,-10.69
-1.52,-4.37,-9.29
-0.85,-8.13,-14.28
0.02,-6.03,-10.48
-0.51,-6.50,-9.45
-0.46,-5.82,-8.42
-0.39,-6.65,-7.75
-0.37,-7.49,-7.44
-0.77,-7.80,-6.63
-0.72,-8.86,-5.77
-0.68,-8.80,-5.24
-0.23,-9.44,-4.87
-0.36,-9.20,-4.63
0.41,-9.25,-4.62
1.03,-9.03,-4.98
1.13,-9.24,-6.04
1.38,-8.43,-5.56
1.41,-8.64,-6.98
1.99,-7.79,-6.51
2.00,-7.17,-7.74
2.30,-6.04,-6.72
1.72,-6.27,-8.23
2.07,-5.65,-7.65
2.15,-5.21,-8.70
2.06,-4.20,-8.42
2.03,-4.51,-9.43
0.85,-3.69,-9.50
1.60,-2.58,-9.57
0.98,-2.77,-10.26
0.84,-2.41,-10.85
1.14,-2.59,-10.78
0.95,-2.40,-10.96
1.12,-2.50,-10.16
0.09,-0.49,-15.14
-1.14,-1.02,-8.93
-0.29,-4.80,-9.11
-0.13,-4.84,-10.35
0.76,-4.74,-9.52
1.08,-4.41,-8.34
-0.03,-5.05,-10.07
-1.97,-1.99,-11.05
-0.51,-1.85,-9.83
-0.17,-3.92,-9.79
-0.01,-4.97,-10.15
-0.44,-4.41,-9.77
-0.17,-3.83,-9.63
0.07,-2.52,-10.76
5.00,1.01,-13.51
10.24,-3.81,-10.49
1.92,-3.88,-8.72
-2.58,-3.58,-6.95
-1.28,-3.05,-9.06
0.24,-6.61,-11.71
1.40,-5.80,-9.94
1.36,-7.65,-10.61
2.09,-5.12,-8.60
0.88,-6.72,-9.20
1.77,-6.46,-8.42
0.85,-6.89,-7.75
0.03,-6.63,-8.12
-0.83,-6.39,-7.23
-1.20,-7.46,-7.27
-1.10,-7.92,-8.01
-0.45,-6.78,-8.26
-0.16,-6.47,-8.73
-0.04,-6.46,-8.92
-0.21,-6.11,-8.35
-0.65,-6.35,-8.42
-0.91,-5.99,-8.53
-0.77,-5.84,-8.51
-0.76,-5.86,-9.00
-0.65,-5.71,-8.43
-1.27,-6.98,-8.12
-0.69,-10.36,-7.01
-2.11,-8.79,-5.06
-1.95,-8.40,-7.35
0.17,-7.04,-8.72
1.19,-5.46,-9.43
0.50,-4.73,-9.93
-1.79,-5.20,-8.50
-2.46,-7.71,-9.50
-0.81,-7.60,-10.62
3.37,-6.39,-10.06
4.13,-5.92,-10.42
4.32,-4.87,-9.56
3.70,-3.83,-9.61
3.54,-3.06,-9.24
1.90,-3.07,-8.72
0.06,-3.70,-8.18
-2.29,-5.33,-8.38
-3.09,-6.84,-8.57
-2.63,-7.02,-8.82
-1.28,-6.37,-8.45
-1.06,-6.29,-8.06
-1.47,-6.31,-7.86
-1.12,-5.18,-7.75
-0.57,-5.16,-8.84
-0.90,-4.75,-8.60
-1.54,-5.20,-8.54
-2.20,-7.26,-8.42
-2.58,-7.97,-8.04
-2.11,-7.59,-7.00
-1.40,-7.04,-6.26
-1.35,-7.08,-6.34
-1.66,-7.66,-6.49
-1.77,-7.69,-6.43
-1.76,-7.41,-6.59
-1.42,-7.41,-6.88
-1.25,-7.40,-7.52
-1.32,-6.94,-7.32
-1.66,-6.32,-7.62
0.02,-4.77,-8.44
1.07,-5.13,-8.60
-0.06,-6.18,-8.32
-0.24,-6.77,-7.24
-1.18,-8.30,-6.42
-1.63,-9.20,-5.56
-1.99,-9.33,-5.01
-0.82,-9.30,-5.21
-1.00,-8.54,-6.18
-0.84,-8.37,-6.24
-1.30,-9.05,-5.87
-1.87,-9.42,-3.68
-3.38,-10.67,-4.76
-2.04,-9.71,-3.76
-2.41,-9.31,-3.17
-2.64,-10.12,-4.23
-2.43,-9.32,-2.97
-2.37,-9.27,-3.97
-2.27,-9.24,-4.33
-2.28,-8.90,-4.85
-1.91,-8.81,-5.19
-2.35,-8.57,-5.12
-2.32,-8.51,-4.79
-2.51,-8.39,-4.76
-2.50,-8.25,-4.32
-2.53,-8.53,-4.71
-1.96,-9.19,-5.03
-2.31,-8.59,-4.76
-2.34,-8.74,-4.94
-2.57,-8.78,-4.79
-2.45,-8.66,-4.60
-2.60,-8.64,-4.76
-2.47,-8.51,-4.86
-2.41,-8.58,-4.93
-2.56,-8.65,-4.85
-2.64,-8.64,-4.71
-2.52,-8.59,-4.60
-2.49,-8.66,-4.64
-2.41,-8.74,-4.70










-,-,-
-0.22,-6.80,-8.00
-0.21,-6.81,-7.97
-0.22,-6.81,-8.00
-0.20,-6.82,-7.95
-0.21,-6.74,-7.99
-0.20,-6.84,-7.99
-0.25,-6.78,-7.96
-0.23,-6.80,-7.94
-0.23,-6.79,-7.95
-0.28,-6.85,-7.98
-0.40,-6.82,-7.96
-0.61,-6.80,-7.94
-0.42,-6.76,-8.35
-0.11,-6.65,-8.21
0.01,-6.75,-7.96
0.04,-7.02,-7.63
-0.22,-7.55,-6.90
-0.17,-7.62,-7.14
-0.46,-7.69,-7.34
-0.62,-7.90,-7.79
-0.96,-7.81,-8.37
-2.18,-10.16,-7.99
-2.17,-10.72,-7.43
-2.00,-10.35,-6.96
-1.53,-9.11,-6.34
-1.53,-7.57,-5.92
-1.61,-7.36,-6.65
-1.82,-7.90,-8.25
-2.86,-7.79,-8.17
-4.87,-6.77,-6.13
-5.54,-6.58,-4.76
-5.92,-5.97,-4.78
-5.16,-4.31,-3.87
-5.30,-4.51,-3.80
-5.00,-4.74,-5.06
-4.97,-4.87,-5.82
-5.74,-5.03,-5.18
-6.01,-5.19,-4.64
-6.36,-5.36,-4.62
-6.56,-5.10,-4.19
-6.68,-5.51,-4.35
-7.18,-6.11,-4.23
-7.58,-6.41,-3.92
-7.98,-6.93,-4.33
-8.58,-6.95,-4.74
-8.67,-6.54,-5.00
-8.77,-6.07,-5.37
-7.52,-6.25,-5.87
-7.19,-6.00,-5.52
-6.68,-5.15,-4.34
-6.79,-4.34,-2.81
-6.36,-3.91,-2.47
-6.20,-3.14,-1.51
-6.34,-2.58,-1.17
-6.81,-2.34,-0.59
-7.31,-2.08,1.88
-8.34,-3.85,1.65
-9.43,-5.42,0.28
-9.57,-4.80,1.22
-10.30,-6.03,2.54
-9.57,-5.49,3.66
-8.73,-4.31,3.61
-7.62,-2.79,3.13
-7.05,-2.27,2.75
-6.86,-2.00,2.60
-6.89,-2.32,2.54
-7.32,-3.09,2.27
-6.72,-3.53,2.08
-6.35,-3.78,1.57
-5.29,-3.65,0.49
-5.16,-4.83,0.45
-3.48,-4.69,0.63
-3.89,-6.03,1.89
-2.49,-6.65,4.02
-3.79,-9.15,5.30
-1.81,-7.97,5.71
-1.86,-10.06,6.34
-1.23,-10.99,5.86
-2.68,-13.52,5.14
-2.71,-13.94,1.73
-2.83,-12.44,1.46
-2.58,-11.46,0.46
-1.93,-10.58,0.21
-1.54,-10.09,-0.18
-1.19,-9.90,-0.55
-1.04,-9.70,-0.37
-0.68,-9.48,-0.62










-,-,-
-0.79,-7.81,-6.38
-0.85,-8.00,-6.29
-0.85,-8.15,-6.37
-0.95,-8.16,-6.27
-1.15,-8.30,-6.35
-2.04,-9.25,-6.04
-4.17,-12.29,-4.75
-6.23,-12.95,-7.35
-3.09,-9.83,-9.93
-0.33,-7.77,-12.51
0.14,-5.63,-10.64
0.11,-3.58,-6.71
-0.20,-4.31,-5.30
-1.73,-5.64,-2.35
-3.00,-6.66,-0.46
-3.92,-8.56,0.44
-4.20,-8.39,1.93
-4.77,-9.17,3.05
-4.09,-10.09,2.77
-3.59,-10.45,5.26
-0.72,-10.12,8.04
-0.75,-13.92,8.56
1.81,-13.54,9.03
2.52,-15.08,4.12
3.92,-14.09,-4.81
14.21,-2.93,-5.42
13.55,-11.15,-24.03
3.63,-4.67,-15.50
-2.57,-2.97,-10.42
-3.45,-4.68,-9.61
-3.14,-6.76,-8.96
-3.30,-7.84,-8.18
-3.37,-7.89,-6.89
-3.61,-7.75,-6.26
-3.27,-7.47,-5.77
-3.32,-7.53,-5.90
-2.96,-7.43,-5.64
-2.91,-7.93,-5.56
-2.62,-7.57,-5.28
-2.99,-8.09,-5.26
-3.45,-8.18,-5.38
-3.20,-7.99,-5.82
-3.12,-7.58,-6.12
-3.07,-7.67,-6.82
-2.15,-5.85,-7.53
-1.41,-3.71,-8.25
-2.05,-5.88,-7.89
-2.53,-6.79,-7.19
-3.21,-7.81,-6.55
-2.88,-8.12,-6.27
-3.54,-8.72,-6.03
-3.19,-8.69,-5.78
-3.51,-8.77,-5.60
-3.71,-8.94,-5.16
-3.66,-8.58,-5.58
-3.45,-8.29,-5.40
-3.52,-7.86,-5.46
-3.16,-7.15,-5.40
-3.84,-7.19,-5.04










-,-,-
-2.17,1.19,0.10
0.24,-0.08,-0.21
4.12,-1.55,-3.64
7.04,-2.13,-1.89
7.73,-10.07,-5.36
9.06,-22.26,-9.73
8.64,-29.15,-21.83
1.86,-22.19,-12.57
-0.55,-16.42,-6.68
-0.53,-14.77,-5.13
1.24,-12.69,-5.04
2.64,-10.05,-4.73
2.99,-9.11,-5.26
2.79,-8.54,-5.26
2.32,-8.26,-5.51
1.50,-8.35,-5.72
0.87,-8.84,-6.03
-0.09,-8.93,-6.29
-0.59,-9.01,-6.97
-1.09,-8.21,-6.74
-2.05,-8.44,-7.11
-2.55,-7.08,-6.18
-2.96,-5.32,-5.24
-3.72,-4.29,-4.17
-3.98,-3.36,-3.89
-4.66,-3.90,-3.62
-5.16,-4.30,-4.05
-5.30,-4.97,-4.39
-5.41,-5.46,-5.57
-4.65,-5.20,-6.38
-4.88,-5.23,-5.69
-6.57,-6.15,-5.67
-5.95,-5.47,-6.05
-5.54,-6.39,-7.01
-4.95,-6.94,-6.83
-5.63,-7.46,-6.18
-4.83,-6.75,-5.92
-5.08,-7.90,-5.58










-,-,-
-3.06,-8.20,-5.25
-3.14,-8.26,-5.23
-3.06,-8.15,-5.14
-3.12,-8.26,-5.13
-3.09,-8.29,-5.23
-3.18,-8.37,-5.23
-3.18,-8.31,-5.12
-3.09,-8.30,-5.27
-2.87,-7.95,-5.43
-2.84,-8.03,-5.86
-3.69,-8.46,-5.15
-4.85,-9.21,-3.30
-5.38,-11.76,-3.03
-4.47,-9.87,-0.91
-3.51,-9.97,-0.81
-2.84,-9.11,0.12
-3.40,-9.22,1.87
-2.70,-9.05,3.76
-2.98,-8.60,4.83
-1.68,-7.15,7.52
-0.82,-6.12,7.67
0.93,-4.53,7.95
2.23,-2.34,7.71
3.63,-0.09,7.44
5.44,2.49,7.18
6.21,4.46,7.67
7.12,5.02,8.52
7.03,5.45,8.72
5.41,4.65,5.71
6.30,4.17,3.22
4.25,5.20,3.68
6.17,4.80,1.70
5.23,6.20,1.34
6.13,5.15,0.51
5.83,5.12,-0.43
5.70,5.91,-0.08
5.26,5.04,-0.80
7.84,5.09,-0.86
8.83,3.17,-2.53
10.82,3.99,-3.38
10.33,3.31,-5.07
10.59,0.75,-6.05
10.14,0.55,-7.34
7.79,1.86,-5.80
6.83,-0.19,-11.62
4.61,-2.97,-9.56
7.24,-1.96,-14.49
5.62,-1.95,-11.05
1.73,-2.26,-12.32
2.06,-0.77,-12.63
-2.47,-0.92,-10.97
0.20,-0.32,-10.90
-4.92,-0.65,-10.42
-2.35,-0.15,-10.04
-1.85,1.52,-8.17
-1.03,1.36,-8.52
-0.47,1.54,-9.84
1.12,1.00,-9.49
1.41,-0.53,-10.06
5.04,-0.44,-8.04
5.96,-0.79,-6.92
10.41,-0.08,-5.55
10.61,-1.11,-8.13
5.27,-5.32,-6.62
5.86,-7.10,-5.35
5.99,-9.95,-7.33
8.22,-7.78,-5.82
5.60,-10.75,-7.33
8.44,-10.33,-4.50
4.91,-16.83,-6.70
7.19,-11.10,-2.66
6.54,-9.65,-0.51
4.99,-10.81,3.39
3.62,-11.33,4.87
3.33,-12.27,5.47
1.57,-10.14,4.11
0.78,-5.82,4.92
-0.35,-5.70,4.70
-2.21,-3.73,4.63
-3.23,-2.55,5.34
-5.37,-3.76,5.12
-5.32,-4.41,4.52
-6.20,-4.97,3.46
-6.00,-4.01,3.45
-6.85,-4.08,3.39
-7.20,-4.88,1.93
-8.44,-4.05,3.21
-8.06,-6.25,-1.19
-7.00,-4.46,-0.74
-7.45,-5.09,-2.27
-6.77,-4.36,-4.24
-7.00,-4.87,-4.54
-5.50,-4.18,-6.78
-6.52,-4.83,-7.38
-5.93,-5.43,-8.99
-5.06,-3.77,-7.31










-,-,-
-1.87,-6.81,-7.83
-1.95,-6.68,-7.84
-2.25,-7.11,-7.93
-3.54,-8.18,-8.47
-4.57,-10.34,-7.64
-5.12,-11.56,-7.14
-2.97,-14.66,-3.97
-1.97,-14.84,-4.87
-2.05,-11.79,-4.01
0.18,-10.93,-4.40
1.87,-9.43,-0.76
2.62,-8.90,1.01
3.36,-7.32,1.70
5.43,-6.19,3.10
6.09,-4.41,4.64
6.86,-2.38,5.05
7.21,-2.15,5.42
6.83,-1.15,5.56
6.63,-0.99,5.18
5.64,-1.11,5.39
4.84,-1.56,5.96
3.83,-1.76,6.59
4.19,-2.13,6.57
3.55,-3.88,5.39
3.46,-4.94,4.70
2.92,-6.08,4.05
2.73,-6.12,3.16
2.55,-6.78,2.68
2.53,-7.54,1.87
2.44,-8.40,1.49
2.65,-9.11,1.29
2.40,-9.46,0.96
1.96,-10.08,-0.06
1.36,-9.65,-0.58
1.13,-10.14,-2.23
1.22,-8.35,-2.80
1.58,-8.55,-2.39
0.47,-8.34,-3.66
1.78,-10.38,-3.73
-0.51,-10.28,-6.20
1.84,-12.80,-6.83
0.82,-13.05,-7.51
1.60,-15.49,-5.87
-1.02,-16.81,-5.46
-3.21,-17.43,-4.10
-3.41,-16.90,-2.71
-1.30,-14.67,-4.16
-1.15,-11.85,-1.51
0.56,-7.61,-0.20
0.28,-5.09,-1.09
1.10,-3.63,0.02
1.01,-4.70,-2.50
-1.48,-4.54,0.84
-1.64,-6.60,-0.66
-1.71,-7.23,1.05
-1.92,-7.91,-1.36
-2.14,-9.60,0.42
-2.60,-9.81,-2.73
-2.22,-10.87,-2.86
-3.80,-14.37,-6.29
-4.22,-14.57,-5.60
-3.63,-13.16,-6.90
-3.57,-12.79,-7.08
-3.15,-12.12,-8.15
-2.77,-9.45,-7.25
-3.41,-8.32,-7.80
-3.14,-6.82,-9.22
-3.05,-5.55,-8.77
-1.84,-2.81,-7.68
-2.72,-2.15,-6.74
-2.66,-0.48,-5.60
-2.83,0.28,-4.79
-4.02,1.12,-3.59
-4.76,0.75,-3.46
-5.82,-0.90,-3.78
-5.70,-2.14,-3.82
-6.36,-4.57,-4.58
-6.09,-6.74,-6.12
-7.41,-8.36,-7.35
-8.29,-9.12,-7.37
-8.41,-9.14,-7.75
-6.55,-7.64,-7.54
-5.07,-6.59,-7.68
-4.69,-5.83,-7.13
-5.36,-4.72,-6.33
-5.58,-5.09,-6.43
-5.56,-4.98,-6.60
-5.68,-5.02,-6.96
-5.29,-4.96,-7.33
-5.49,-4.74,-7.28
-5.57,-4.73,-6.97
-5.54,-4.30,-7.07
-5.32,-4.37,-7.30
-5.40,-4.26,-7.24
-5.64,-4.69,-7.25
-5.55,-4.91,-7.36
-5.61,-5.13,-7.15
-5.87,-5.35,-7.15
-5.70,-5.11,-6.87
-5.63,-4.79,-6.76
-5.60,-4.61,-6.60
-5.68,-4.58,-6.63










-,-,-
-1.70,-5.63,-8.86
-1.64,-5.52,-9.18
-1.36,-5.18,-8.77
-0.93,-4.58,-8.27
-0.60,-6.67,-8.78
-0.11,-6.61,-8.56
-0.79,-6.29,-8.38
-0.56,-7.31,-8.15
-1.14,-7.13,-7.20
-0.69,-7.70,-7.36
-2.30,-7.98,-6.37
-3.17,-10.81,-6.14
-3.91,-11.76,-5.47
-4.05,-12.20,-6.46
-3.66,-12.31,-7.09
-3.01,-11.70,-7.18
-1.88,-11.34,-8.07
-0.71,-10.02,-8.57
-0.33,-8.87,-8.13
-1.35,-7.14,-7.39
-2.83,-5.99,-6.37
-4.45,-4.11,-5.00
-5.46,-1.47,-4.11
-6.36,-0.20,-4.70
-5.78,-0.02,-3.64
-5.78,-0.55,-3.58
-6.31,-1.89,-3.11
-7.30,-3.72,-1.92
-8.26,-5.59,-1.00
-8.91,-4.89,-1.24
-9.21,-3.31,0.19
-9.74,-3.62,1.13
-9.66,-4.24,1.20
-9.17,-4.46,0.75
-8.45,-4.32,-0.06
-8.34,-4.17,-0.55
-8.64,-3.93,-0.55
-8.85,-3.66,-0.42
-8.67,-3.33,-0.37
-8.58,-3.21,-0.47
-8.37,-3.21,-0.42
-8.41,-3.29,-0.02
-8.59,-3.50,0.06
-8.56,-3.53,0.49
-7.66,-3.44,0.96
-6.39,-1.71,3.36
-5.72,-1.61,4.40
-5.52,-2.18,5.36
-5.09,-4.10,4.14
-4.48,-5.61,2.86
-3.82,-7.78,0.56
-1.59,-9.64,-1.01
-1.02,-10.44,-2.72
0.38,-10.81,-2.02
1.08,-11.52,-3.03
1.98,-11.47,-3.81
1.37,-11.54,-5.64
-2.20,-17.11,-8.36
-2.34,-19.14,-9.50
-0.06,-14.94,-8.54
1.06,-13.32,-7.57
0.79,-11.07,-6.11
1.19,-9.16,-4.77
1.23,-7.55,-4.00
0.45,-7.04,-4.35
0.52,-6.76,-4.12
0.60,-6.69,-5.04
2.14,-5.88,-5.42
3.19,-5.98,-6.01
2.65,-7.16,-5.18
-1.01,-8.79,-5.49
-3.99,-9.66,-4.96
-5.68,-9.30,-5.00
-5.33,-7.74,-5.39
-4.78,-4.91,-4.75
-5.15,-4.62,-5.05
-6.23,-5.00,-5.48
-6.53,-4.35,-5.84
-6.71,-6.17,-7.45
-7.07,-6.85,-8.92
-5.34,-6.46,-11.09
-3.27,-5.12,-11.23
-2.91,-4.47,-10.52
-3.21,-4.88,-9.34
-3.71,-5.04,-8.58
-2.74,-3.15,-7.81
-2.83,-2.34,-7.43
-2.94,-2.41,-7.32
-3.37,-3.53,-7.09
-4.90,-4.20,-6.82
-7.50,-4.92,-6.92
-8.71,-3.45,-8.66
-6.34,-2.87,-9.86
-4.14,-2.37,-9.60
-3.41,-1.38,-8.99
-3.51,-1.47,-9.62
-4.05,-0.22,-9.11
-4.26,0.24,-8.78
-4.30,-0.43,-9.04
-4.16,-0.77,-9.43
-3.78,-1.27,-10.03
-4.18,-0.67,-9.59
-4.29,0.06,-9.48
-2.90,-0.05,-10.24
-2.85,-0.74,-11.26
-3.02,-0.83,-11.67
-2.73,-0.26,-11.26
-2.77,0.06,-10.58
-2.90,-0.21,-10.76
-3.20,-0.32,-11.32
-2.81,0.06,-11.12
-3.09,-0.04,-10.20
-3.39,-0.06,-9.48
-3.94,-0.19,-8.47
-4.63,-0.83,-7.88
-4.97,-1.42,-7.43
-5.62,-1.70,-7.69
-5.69,-1.98,-7.22
-6.37,-2.96,-5.55
-7.58,-4.50,-3.42
-9.52,-5.68,-2.48
-9.81,-6.31,-2.55
-8.53,-6.01,-3.44
-8.58,-4.78,-3.87
-7.99,-4.21,-4.88
-7.28,-3.14,-5.47
-7.32,-2.04,-6.10
-7.53,-1.81,-6.59
-7.14,-1.72,-7.34
-7.03,-1.97,-7.81
-7.24,-1.75,-7.22
-7.26,-2.18,-6.59
-7.39,-2.71,-6.30
-7.86,-3.06,-5.80
-7.73,-3.56,-5.34
-8.15,-3.48,-5.43
-7.86,-2.91,-5.24
-7.41,-2.43,-5.66










-,-,-
-5.56,-3.15,-8.06
-5.18,-2.75,-8.44
-5.07,-2.46,-8.66
-4.98,-2.41,-9.09
-4.55,-2.29,-9.45
-4.40,-2.18,-9.73
-4.12,-2.04,-10.20
-3.64,-1.76,-10.26
-3.73,-1.51,-10.41
-3.74,-1.46,-10.19
-3.90,-1.67,-9.94
-4.13,-2.05,-9.97
-4.35,-2.58,-10.92
-3.98,-2.34,-11.39
-3.88,-1.73,-10.53
-4.31,-0.90,-9.67
-4.62,-0.56,-8.76
-5.15,-0.37,-8.26
-5.51,-0.38,-7.68
-6.08,-0.56,-7.32
-6.35,-0.62,-6.79
-6.56,-0.61,-6.10
-6.97,-0.73,-5.25
-7.33,-1.14,-4.33
-8.00,-1.21,-3.42
-7.85,-1.70,-2.29
-7.82,-2.23,-1.36
-8.00,-3.41,-1.33
-7.77,-4.27,-1.62
-7.20,-4.97,-2.11
-6.85,-5.20,-2.67
-5.88,-5.93,-3.11
-5.62,-6.73,-4.15
-5.02,-7.58,-5.01
-3.99,-7.00,-4.87
-3.08,-6.13,-4.74
-1.85,-5.86,-4.75
-0.58,-5.98,-4.85
-0.30,-6.68,-5.38
1.05,-9.10,-7.79
2.11,-13.77,-12.95
3.40,-14.49,-14.93
5.58,-10.08,-12.04
5.11,-7.45,-9.71
3.68,-5.88,-7.94
2.80,-4.68,-6.21
1.81,-4.65,-5.85
1.03,-5.06,-5.56
0.46,-5.88,-5.56
0.23,-7.33,-6.34
0.31,-8.68,-7.84
0.98,-9.63,-9.26
1.87,-10.10,-10.84
2.54,-12.27,-13.26
3.72,-11.05,-12.47
3.97,-7.45,-10.10
2.80,-5.58,-8.59
1.14,-2.00,-6.74
-0.69,-1.82,-6.98
-1.50,-2.72,-8.79
-1.28,-1.07,-8.88
-2.28,-0.39,-8.79
-2.48,0.42,-8.38
-2.65,3.37,-6.61
-2.86,4.47,-7.59
-1.46,5.73,-8.34
-1.41,6.80,-8.07
-0.87,6.70,-7.69
-1.58,5.94,-8.36
-1.78,5.10,-9.24
-2.23,3.86,-10.59
-2.25,3.28,-10.92
-2.85,3.36,-10.39
-2.91,3.47,-9.29
-3.64,3.22,-8.80
-4.08,2.63,-7.92
-4.98,2.22,-7.43
-5.63,1.28,-7.19
-6.14,0.49,-6.48
-6.98,-0.93,-5.74
-7.05,-2.02,-4.80
-8.26,-4.01,-3.54
-8.30,-4.75,-3.03
-7.69,-3.61,-1.04
-7.84,-4.80,-1.04
-7.72,-6.19,-2.26
-6.76,-6.98,-2.11
-6.59,-8.45,-3.08
-5.93,-8.59,-3.03
-5.26,-9.03,-3.47
-5.07,-9.54,-3.94
-4.66,-9.91,-3.86
-5.03,-9.16,-3.96
-5.14,-7.69,-4.01
-5.28,-6.82,-4.52
-5.29,-6.38,-5.15
-5.25,-5.59,-5.76
-5.48,-5.04,-6.52
-4.84,-4.68,-7.28
-3.74,-3.95,-7.99
-2.69,-3.25,-8.63
-1.53,-2.45,-9.48
0.12,-1.48,-10.85
-0.48,-1.89,-12.20
-0.60,-1.08,-12.19
0.45,0.04,-11.91
0.08,0.28,-11.83
-0.18,0.50,-11.14
-0.93,-0.10,-10.87
-1.74,-1.41,-11.36
-1.94,-1.42,-10.93
-2.17,0.07,-9.64
-2.16,1.52,-9.24
-1.97,2.52,-9.46
-1.75,3.14,-9.22
-1.51,3.96,-8.97
-1.29,4.47,-8.87
-0.89,4.69,-9.09
-0.73,4.95,-9.28
-0.54,4.79,-9.95
0.17,5.37,-9.97
-0.34,5.27,-10.12
0.49,4.47,-10.40
-0.73,4.20,-9.80
-2.50,3.95,-10.00
-3.30,2.78,-9.27
-3.81,2.33,-9.00
-4.53,2.17,-8.89
-5.04,1.84,-8.72
-5.05,1.98,-8.90
-4.95,2.51,-8.96
-5.17,2.56,-9.57
-5.33,2.61,-9.30










-,-,-
-7.85,-2.89,-5.68
-7.92,-3.00,-5.62
-7.86,-3.02,-5.45
-7.89,-3.08,-5.41
-7.79,-3.05,-5.40
-7.86,-3.03,-5.39
-7.87,-2.88,-5.54
-7.72,-2.31,-5.34
-7.68,-2.53,-5.42
-7.63,-2.58,-5.43
-7.57,-2.70,-5.69
-7.56,-2.86,-5.95
-7.61,-3.25,-5.85
-7.60,-4.04,-5.57
-7.29,-4.65,-4.70
-7.14,-5.22,-3.76
-6.96,-5.54,-3.37
-6.90,-5.47,-3.69
-6.08,-5.20,-4.19
-5.15,-4.62,-5.33
-3.24,-3.83,-6.66
-2.32,-3.48,-7.95
-1.76,-3.68,-9.37
-2.53,-3.10,-11.11
-1.76,-2.02,-13.47
-0.64,-0.68,-14.68
-0.05,-0.45,-13.98
1.53,-1.05,-13.14
0.35,-0.58,-12.59
0.12,-1.12,-10.91
-0.68,-2.31,-10.19
-1.32,-3.32,-9.41
-1.72,-4.09,-9.23
-1.79,-4.46,-9.57
-1.85,-4.68,-10.24
-1.53,-5.20,-11.39
-1.36,-4.72,-11.70
-1.41,-4.49,-11.78
-1.89,-4.24,-12.11
-1.48,-3.12,-10.98
-1.87,-2.22,-9.87
-2.48,-1.40,-9.56
-2.62,-0.67,-9.33
-3.30,-0.66,-10.34
-3.64,-0.17,-10.21
-4.39,0.65,-9.01
-4.43,0.67,-8.95
-4.96,0.69,-8.16
-5.42,0.81,-6.72
-6.40,0.69,-6.27
-6.10,0.07,-6.00
-6.09,-0.79,-4.18
-7.23,-1.11,-3.61
-6.93,-2.97,-2.76
-7.85,-5.09,-2.69
-8.18,-6.03,-1.86
-7.95,-6.07,-1.52
-7.75,-6.27,-1.35
-7.58,-6.45,-0.87
-7.82,-6.28,-0.59
-7.57,-6.50,-1.43
-7.23,-6.57,-1.74
-7.23,-6.80,-1.92
-7.17,-7.27,-2.23
-6.92,-7.29,-2.10
-6.55,-7.47,-1.98
-6.67,-7.69,-1.89
-6.88,-7.79,-1.60
-6.69,-7.14,-1.68
-6.78,-6.64,-1.94
-6.58,-6.48,-2.56
-6.76,-6.12,-3.00
-6.52,-5.95,-3.13
-6.42,-6.46,-3.62
-6.31,-7.02,-3.89
-6.35,-6.99,-3.70
-6.33,-7.02,-3.07
-6.13,-7.41,-2.77
-5.90,-7.87,-2.08
-5.88,-7.81,-1.82
-5.48,-7.98,-1.83
-4.76,-8.47,-1.85
-4.19,-8.12,-1.91
-5.26,-8.84,-0.51
-5.96,-9.70,-0.06
-5.28,-8.84,0.02
-4.42,-8.68,-0.68
-4.36,-9.17,-0.99
-4.65,-8.36,-1.44
-5.14,-8.06,-2.36
-5.71,-7.71,-4.09
-5.67,-7.28,-5.30
-4.61,-6.16,-5.99
-4.34,-5.33,-6.90
-4.79,-4.21,-7.11
-4.62,-3.12,-6.95
-4.54,-1.86,-6.72
-4.77,-0.97,-6.65
-4.58,-0.41,-7.58
-4.03,0.85,-7.88
-2.80,2.10,-7.46
-0.89,2.93,-6.48
1.55,2.62,-6.45
3.36,-0.04,-10.08
4.27,-5.12,-15.73
5.90,-9.46,-16.06
1.83,-10.49,-15.20
2.63,-8.00,-11.73
2.27,-5.67,-9.78
2.19,-4.19,-8.33
1.82,-3.56,-7.73
1.44,-4.15,-7.99
1.24,-5.38,-8.82
0.86,-5.74,-9.12
0.40,-5.25,-9.08
0.52,-6.08,-9.80
0.50,-5.45,-8.73
0.45,-5.41,-8.62
0.44,-5.55,-8.68
0.49,-5.53,-8.59
0.23,-5.77,-9.00
0.52,-5.94,-9.18
0.35,-5.75,-9.04
0.37,-5.71,-8.95
0.29,-5.47,-8.83
0.17,-5.64,-8.84
0.34,-5.58,-8.85
0.05,-5.61,-8.80










-,-,-
-5.10,1.16,0.58
-3.44,-1.14,0.77
-4.39,-5.94,-4.42
-0.69,-6.74,-7.42
-1.66,-10.54,-13.39
-1.70,-8.52,-12.29
-2.81,-9.20,-13.54
-3.13,-9.71,-13.55
-1.04,-6.65,-10.98
-0.20,-5.92,-11.06
0.35,-4.22,-10.19
0.78,-3.49,-9.84
1.19,-3.69,-10.27
1.17,-3.44,-10.38
1.48,-4.14,-12.04
2.77,-2.65,-12.91
4.02,-0.75,-11.06
2.91,0.26,-10.12
2.60,0.76,-9.69
1.51,1.01,-9.82
1.02,1.41,-9.95
0.01,2.26,-9.74
-0.05,2.71,-8.96
0.15,3.30,-8.75
0.16,3.71,-8.87
0.51,4.15,-9.12
0.80,3.64,-10.71
0.69,4.23,-11.19
0.55,3.55,-11.63
0.26,3.45,-12.85
1.04,4.72,-11.72
0.42,4.64,-12.65
1.24,4.48,-10.86
-0.57,3.34,-8.23
-1.80,1.30,-6.32
-4.25,-0.17,-4.77
-4.80,-1.98,-3.28
-5.20,-3.23,-2.90
-4.30,-4.33,-2.39
-3.84,-5.95,-3.98
-4.30,-6.45,-7.30
-3.94,-5.87,-14.34
1.65,-3.85,-17.88
1.45,-0.81,-16.21
1.74,-1.95,-13.51
-0.31,-1.49,-11.07
-0.35,-0.83,-8.88
-0.84,0.00,-8.53
-0.68,-0.17,-9.88
0.27,0.66,-10.64
0.44,0.98,-10.64
0.59,0.69,-10.99
0.29,0.52,-10.91
0.48,0.21,-11.26
1.35,0.05,-13.04
3.23,-1.33,-18.77
-4.39,0.23,-16.70
-5.59,-2.18,-9.11
-4.02,-2.11,-2.08
-4.33,-2.52,0.35
-5.35,-2.90,0.16
-6.62,-3.14,-0.74
-6.35,-2.92,-1.28
-7.21,-3.09,-3.61
-7.24,-3.17,-6.28
-4.03,-3.21,-10.49
-1.30,-3.90,-14.88
-1.42,-4.72,-17.20
-2.49,-3.80,-15.20
-1.98,-1.77,-10.58
-3.58,-2.02,-9.76
-4.16,-2.89,-10.13
-4.95,-1.98,-8.71
-4.54,0.45,-6.53
-4.78,1.61,-6.02
-5.80,0.89,-7.72
-6.55,-0.23,-9.07
-7.01,-0.03,-8.31
-6.71,1.06,-6.04
-6.82,1.86,-4.34
-8.02,0.88,-5.04
-7.86,1.14,-4.58
-7.36,1.96,-3.53
-7.00,2.90,-1.85
-6.26,3.32,-0.46
-5.20,2.76,-1.43
-4.17,-0.14,-6.43
-5.38,-6.05,-12.16
-2.26,-7.18,-12.78
-3.61,-8.24,-12.79
-4.18,-7.38,-10.98
-2.82,-5.59,-9.07
-4.01,-6.22,-9.59
-3.11,-6.61,-9.34
-4.64,-8.45,-9.80
-6.15,-8.40,-7.32
-6.36,-6.05,-2.66
-6.88,-4.35,-0.34
-7.04,-3.21,0.41
-6.92,-2.77,-0.52
-7.56,-2.52,-2.34
-7.10,-3.34,-5.22
-6.56,-3.06,-8.04
-6.50,-3.00,-9.21
-6.17,-3.03,-9.85
-5.42,-2.22,-8.66
-4.95,-1.69,-7.91
-5.57,-3.64,-9.15
-4.76,-3.57,-9.28
-5.08,-2.75,-8.54
-5.29,-3.03,-8.41
-5.22,-3.11,-8.09
-5.52,-3.33,-8.14
-5.39,-3.30,-8.11
-5.40,-3.12,-8.09
-5.58,-3.28,-8.15
-5.65,-3.22,-8.03
-5.69,-3.54,-8.10
-5.88,-3.49,-8.14
-5.62,-3.15,-7.85
-5.68,-2.77,-7.83
-5.40,-2.86,-7.78
-5.61,-2.94,-8.21
-5.48,-3.10,-8.29
-5.46,-3.20,-8.30
-5.52,-2.77,-8.17
-5.47,-2.72,-7.90
-5.80,-3.00,-8.01
-5.87,-3.33,-8.11




