









-,-,-
1.28,-8.58,-5.61
1.28,-8.58,-5.62
1.27,-8.55,-5.63
1.27,-8.54,-5.62
1.28,-8.55,-5.60
1.30,-8.57,-5.59
1.31,-8.58,-5.57
1.30,-8.62,-5.58
1.28,-8.65,-5.57
1.26,-8.66,-5.57
1.25,-8.66,-5.54
1.23,-8.68,-5.53
1.20,-8.69,-5.52
1.15,-8.69,-5.54
1.13,-8.69,-5.55
1.11,-8.68,-5.55
1.07,-8.68,-5.58
1.02,-8.68,-5.59
0.96,-8.63,-5.61
0.92,-8.61,-5.65
0.88,-8.56,-5.68
0.84,-8.53,-5.68
0.82,-8.53,-5.71
0.79,-8.55,-5.75
0.77,-8.58,-5.81
0.76,-8.62,-5.83
0.79,-8.68,-5.91
0.87,-8.74,-5.95
0.96,-8.78,-5.98
1.14,-8.83,-6.04
1.37,-8.86,-6.09
1.63,-8.87,-6.13
1.82,-8.87,-6.14
2.13,-8.85,-6.11
2.46,-8.82,-6.01
2.68,-8.79,-5.90
3.03,-8.71,-5.65
3.40,-8.64,-5.31
3.65,-8.59,-5.02
4.01,-8.51,-4.50
4.36,-8.46,-3.88
4.55,-8.42,-3.42
4.79,-8.39,-2.67
5.00,-8.43,-1.85
5.14,-8.57,-1.11
5.22,-8.64,-0.60
5.32,-8.71,0.11
5.45,-8.87,0.76
5.55,-9.05,1.14
5.70,-9.46,1.71
5.85,-10.02,2.22
5.94,-10.49,2.50
6.07,-11.22,2.93
6.18,-11.94,3.32
6.21,-12.36,3.48
6.23,-12.90,3.71
6.22,-13.31,3.87
6.13,-13.62,3.92
6.06,-13.75,3.98
5.91,-13.89,3.99
5.69,-13.96,3.96
5.54,-13.97,3.96
5.23,-13.94,3.93
4.84,-13.87,3.92
4.53,-13.80,3.88
4.04,-13.63,3.89
3.51,-13.46,3.79
2.95,-13.36,3.67
2.58,-13.30,3.58
1.97,-13.04,3.38
1.24,-12.76,3.00
0.72,-12.54,2.73
-0.02,-12.12,2.08
-0.68,-11.53,1.33
-1.07,-11.14,0.87
-1.56,-10.55,0.13
-1.94,-9.93,-0.75
-2.15,-9.57,-1.35
-2.40,-9.14,-2.42
-2.48,-8.74,-3.63
-2.44,-8.36,-4.80
-2.36,-8.08,-5.49
-2.19,-7.80,-6.55
-2.04,-7.59,-7.35
-2.02,-7.51,-7.64
-2.16,-7.45,-8.03
-2.38,-7.35,-8.49
-2.51,-7.37,-8.79
-2.49,-7.72,-9.34
-2.50,-8.11,-9.53
-2.59,-8.24,-9.59
-2.77,-8.10,-9.78
-2.92,-7.64,-10.05
-2.97,-7.06,-10.29
-2.99,-6.75,-10.33
-3.03,-6.43,-10.50
-3.12,-6.13,-10.68
-3.19,-5.83,-10.85
-3.30,-5.29,-10.92
-3.39,-4.85,-10.85
-3.44,-4.60,-10.76
-3.53,-4.32,-10.65
-3.67,-4.06,-10.47
-3.77,-4.04,-10.24
-3.85,-4.13,-9.88
-4.01,-4.22,-9.40
-4.11,-4.19,-9.11
-4.14,-4.16,-9.03
-4.15,-4.20,-9.01
-4.11,-4.25,-9.08
-4.07,-4.28,-9.09
-4.04,-4.27,-9.05
-4.00,-4.15,-9.01
-3.97,-4.04,-8.96
-3.97,-3.90,-8.77
-4.04,-3.81,-8.56
-4.12,-3.85,-8.35
-4.14,-3.92,-8.20
-4.07,-4.09,-8.35
-3.89,-4.16,-8.35
-3.78,-4.22,-8.11
-3.71,-4.37,-8.00
-3.65,-4.57,-7.99
-3.62,-4.76,-8.09
-3.57,-5.04,-8.35
-3.56,-5.32,-8.62
-3.59,-5.54,-8.90
-3.62,-5.61,-9.10
-3.60,-5.59,-9.43
-3.58,-5.52,-9.55
-3.57,-5.47,-9.62
-3.57,-5.47,-9.64
-3.56,-5.61,-9.71
-3.55,-5.75,-9.74
-3.52,-6.00,-9.81
-3.44,-6.30,-9.88
-3.37,-6.47,-9.90
-3.28,-6.74,-9.83
-3.20,-6.93,-9.81
-3.12,-7.09,-9.67
-3.05,-7.18,-9.68
-2.99,-7.29,-9.47
-2.95,-7.45,-9.32
-2.89,-7.57,-9.24
-2.74,-7.75,-9.08
-2.57,-7.92,-8.93
-2.45,-8.02,-8.81
-2.29,-8.15,-8.66
-2.14,-8.26,-8.48
-2.03,-8.33,-8.39
-1.88,-8.41,-8.26
-1.75,-8.47,-8.10
-1.65,-8.53,-7.93
-1.59,-8.59,-7.81
-1.53,-8.67,-7.62
-1.50,-8.76,-7.44
-1.49,-8.81,-7.33
-1.48,-8.88,-7.21
-1.51,-8.93,-7.12
-1.53,-8.94,-7.08
-1.53,-8.95,-6.98
-1.52,-8.96,-6.96
-1.52,-8.96,-6.93
-1.57,-8.97,-6.95
-1.65,-8.98,-6.99
-1.76,-8.98,-7.10
-1.81,-8.99,-7.18
-1.86,-8.96,-7.36
-1.85,-8.91,-7.53
-1.82,-8.85,-7.62
-1.81,-8.74,-7.76
-1.77,-8.61,-7.86
-1.76,-8.53,-7.92
-1.76,-8.42,-7.97
-1.79,-8.33,-7.98
-1.82,-8.25,-7.97
-1.87,-8.20,-7.94
-1.95,-8.15,-7.86
-2.05,-8.12,-7.78
-2.11,-8.10,-7.71
-2.21,-8.06,-7.58
-2.29,-8.01,-7.45
-2.32,-7.95,-7.36
-2.38,-7.86,-7.24
-2.43,-7.76,-7.07
-2.47,-7.71,-6.96
-2.53,-7.60,-6.79
-2.60,-7.52,-6.62
-2.68,-7.47,-6.42
-2.73,-7.44,-6.31
-2.83,-7.42,-6.16
-2.92,-7.40,-6.04
-2.97,-7.41,-5.97
-3.06,-7.41,-5.88
-3.18,-7.43,-5.84
-3.28,-7.45,-5.84
-3.44,-7.46,-5.87
-3.60,-7.45,-5.88
-3.73,-7.42,-5.92
-3.93,-7.35,-5.99
-4.18,-7.24,-6.11
-4.47,-7.11,-6.26
-4.68,-7.01,-6.36
-4.98,-6.86,-6.55
-5.27,-6.72,-6.73
-5.42,-6.64,-6.84
-5.57,-6.55,-7.06
-5.63,-6.47,-7.21
-5.62,-6.43,-7.29
-5.58,-6.41,-7.38
-5.48,-6.43,-7.47
-5.40,-6.47,-7.51
-5.27,-6.56,-7.61
-5.15,-6.67,-7.66
-5.09,-6.90,-7.85
-5.07,-7.08,-7.93
-5.01,-7.33,-7.87
-4.97,-7.56,-7.81
-4.93,-7.66,-7.67
-4.84,-7.74,-7.48
-4.76,-7.78,-7.39
-4.73,-7.75,-7.27
-4.65,-7.70,-7.11
-4.60,-7.65,-6.98
-4.55,-7.59,-6.88
-4.47,-7.54,-6.72
-4.37,-7.46,-6.54
-4.25,-7.45,-6.44
-4.14,-7.42,-6.29
-3.97,-7.42,-6.12
-3.79,-7.41,-5.86
-3.67,-7.44,-5.75
-3.47,-7.48,-5.56
-3.26,-7.65,-5.50
-3.07,-7.69,-5.38
-2.79,-7.78,-5.30
-2.49,-7.82,-5.14
-2.17,-7.80,-4.92
-2.01,-7.86,-4.94
-1.73,-7.85,-4.78
-1.44,-7.76,-4.58
-1.24,-7.66,-4.40
-0.96,-7.50,-4.16
-0.64,-7.34,-3.87
-0.46,-7.28,-3.79
-0.18,-7.26,-3.65
0.09,-7.43,-3.60
0.27,-7.65,-3.58
0.53,-8.08,-3.53
0.80,-8.50,-3.45
0.91,-8.83,-3.57
1.01,-9.28,-3.67
0.93,-9.58,-3.79
0.69,-9.69,-3.96
0.49,-9.64,-4.09
0.16,-9.34,-4.27
-0.15,-8.80,-4.50
-0.31,-8.36,-4.65
-0.49,-7.61,-4.93
-0.54,-6.88,-5.21
-0.52,-6.51,-5.47
-0.41,-6.11,-5.73
-0.12,-5.82,-5.90
0.14,-5.72,-6.04
0.63,-5.65,-6.14
1.11,-5.77,-6.37
1.42,-5.81,-6.46
1.92,-6.05,-6.59
2.38,-6.33,-6.68
2.74,-6.62,-6.73
2.95,-6.87,-6.79
3.16,-7.47,-6.86
3.58,-7.49,-6.59
3.77,-7.47,-6.61
3.84,-7.76,-6.86
3.92,-8.36,-7.17
4.16,-8.37,-7.01
4.55,-7.81,-6.82
4.66,-7.03,-6.75
4.74,-6.50,-6.70
4.70,-5.88,-7.12
4.76,-5.07,-7.22
4.87,-4.37,-7.47
4.96,-4.12,-7.73
5.12,-4.04,-8.11
5.32,-4.38,-8.51
5.47,-4.81,-8.69
5.86,-5.59,-8.54
6.28,-6.44,-8.11
6.53,-6.99,-7.72
6.92,-7.66,-6.88
7.21,-8.23,-6.04
7.50,-8.60,-5.03
7.58,-8.94,-4.62
7.77,-9.22,-3.57
7.91,-9.45,-2.97
8.06,-9.71,-2.63
8.31,-10.61,-2.77
8.41,-10.95,-3.03
8.44,-10.74,-3.39
8.36,-9.92,-4.30
8.27,-8.96,-5.26
8.16,-8.43,-6.12
8.03,-7.81,-7.41
7.83,-7.54,-8.60
7.56,-7.51,-9.47
7.30,-7.59,-9.84
6.87,-7.81,-9.97
6.45,-7.99,-9.83
6.18,-8.09,-9.63
5.82,-8.15,-9.24
5.49,-8.03,-8.84
5.30,-7.92,-8.62
5.03,-7.74,-8.27
4.76,-7.62,-7.97
4.58,-7.56,-7.81
4.33,-7.51,-7.63
4.12,-7.53,-7.54
3.92,-7.58,-7.50
3.80,-7.60,-7.51
3.62,-7.61,-7.56
3.47,-7.58,-7.61
3.38,-7.54,-7.64
3.23,-7.48,-7.68
3.09,-7.45,-7.68
3.01,-7.44,-7.67
2.92,-7.42,-7.63
2.82,-7.39,-7.55
2.76,-7.37,-7.46
2.67,-7.33,-7.31
2.60,-7.31,-7.15
2.48,-7.32,-7.01
2.41,-7.32,-6.91
2.32,-7.34,-6.78
2.23,-7.35,-6.70
2.17,-7.35,-6.67
2.07,-7.33,-6.66
1.99,-7.30,-6.66
1.95,-7.27,-6.69
1.91,-7.19,-6.75
1.86,-7.11,-6.80
1.84,-7.06,-6.82
1.77,-6.99,-6.88
1.70,-6.96,-6.96
1.64,-6.95,-7.04
1.57,-6.93,-7.09
1.50,-6.94,-7.17
1.45,-6.96,-7.24
1.43,-6.99,-7.28
1.42,-7.04,-7.33
1.42,-7.12,-7.38
1.43,-7.20,-7.41
1.45,-7.33,-7.46
1.49,-7.47,-7.51
1.51,-7.56,-7.53
1.58,-7.71,-7.55
1.66,-7.86,-7.56
1.74,-8.02,-7.54
1.79,-8.11,-7.54
1.86,-8.24,-7.57
1.88,-8.34,-7.62
1.88,-8.38,-7.65
1.87,-8.40,-7.68
1.87,-8.36,-7.71
1.85,-8.31,-7.73
1.81,-8.22,-7.74
1.78,-8.12,-7.72
1.77,-8.05,-7.71
1.78,-7.96,-7.67
1.79,-7.87,-7.60
1.82,-7.82,-7.52
1.85,-7.79,-7.47
1.89,-7.76,-7.41
1.93,-7.73,-7.35
1.97,-7.72,-7.29
2.03,-7.73,-7.20
2.07,-7.71,-7.13
2.07,-7.71,-7.07
2.06,-7.69,-7.00
2.07,-7.62,-6.89
2.07,-7.55,-6.81
2.07,-7.47,-6.68
2.07,-7.37,-6.53
2.05,-7.27,-6.39
2.04,-7.21,-6.29
2.03,-7.14,-6.15
1.99,-7.09,-6.07
1.99,-7.08,-6.02
1.86,-6.98,-6.04
1.80,-6.93,-6.00
1.81,-6.92,-5.96
1.84,-6.99,-6.01
1.86,-7.02,-6.12
1.88,-7.07,-6.20
1.92,-7.15,-6.26
2.01,-7.35,-6.37
2.05,-7.55,-6.48
2.05,-7.66,-6.52
2.03,-7.79,-6.56
2.02,-7.85,-6.58
2.03,-7.87,-6.62
2.05,-7.86,-6.69
2.10,-7.83,-6.81
2.15,-7.81,-6.90
2.21,-7.74,-7.00
2.26,-7.65,-7.09
2.30,-7.55,-7.17
2.31,-7.48,-7.19
2.31,-7.40,-7.21
2.28,-7.34,-7.22
2.26,-7.32,-7.20
2.28,-7.31,-7.14
2.34,-7.30,-7.06
2.38,-7.31,-7.02
2.43,-7.30,-6.93
2.44,-7.28,-6.86
2.43,-7.26,-6.81
2.38,-7.21,-6.74
2.31,-7.19,-6.68
2.22,-7.18,-6.64
2.19,-7.23,-6.64
2.11,-7.28,-6.50
2.06,-7.17,-6.39
2.02,-7.07,-6.33
1.95,-6.80,-6.23
1.92,-6.65,-6.23
1.93,-6.72,-6.31
1.99,-6.99,-6.46
2.04,-7.25,-6.67
2.07,-7.37,-6.77
2.08,-7.54,-6.90
2.09,-7.64,-7.05
2.12,-7.64,-7.26
2.14,-7.64,-7.40
2.15,-7.62,-7.57
2.14,-7.59,-7.70
2.14,-7.58,-7.79
2.12,-7.57,-7.89
2.15,-7.57,-7.96
2.19,-7.60,-7.96
2.26,-7.63,-7.94
2.32,-7.63,-7.92
2.34,-7.62,-7.88
2.36,-7.61,-7.81
2.36,-7.58,-7.69
2.37,-7.56,-7.56
2.40,-7.53,-7.46
2.42,-7.48,-7.28
2.43,-7.42,-7.08
2.45,-7.38,-6.99
2.45,-7.34,-6.84
2.44,-7.33,-6.70
2.44,-7.34,-6.62
2.45,-7.36,-6.51
2.44,-7.37,-6.42
2.44,-7.39,-6.39
2.44,-7.40,-6.40
2.45,-7.45,-6.43
2.44,-7.47,-6.50
2.42,-7.49,-6.54
2.41,-7.52,-6.67
2.41,-7.52,-6.78
2.40,-7.53,-6.85
2.38,-7.53,-6.98
2.39,-7.52,-7.10
2.41,-7.51,-7.17
2.43,-7.50,-7.27
2.46,-7.48,-7.35
2.46,-7.47,-7.41
2.47,-7.47,-7.44
2.48,-7.47,-7.46
2.48,-7.45,-7.46
2.45,-7.44,-7.46
2.42,-7.41,-7.43
2.39,-7.41,-7.37
2.36,-7.41,-7.34
2.33,-7.41,-7.28
2.28,-7.41,-7.23
2.26,-7.42,-7.17
2.25,-7.44,-7.09
2.24,-7.44,-7.01
2.21,-7.46,-6.90
2.20,-7.46,-6.83
2.19,-7.45,-6.73
2.18,-7.46,-6.64
2.18,-7.47,-6.60
2.20,-7.48,-6.56
2.21,-7.51,-6.55
2.21,-7.52,-6.53
2.25,-7.54,-6.53
2.27,-7.54,-6.56
2.27,-7.55,-6.60
2.28,-7.54,-6.67
2.29,-7.51,-6.74
2.28,-7.51,-6.81
2.30,-7.50,-6.86
2.30,-7.50,-6.94
2.30,-7.50,-7.00
2.31,-7.51,-7.03
2.31,-7.51,-7.08
2.31,-7.52,-7.12
2.32,-7.52,-7.14
2.34,-7.51,-7.15
2.36,-7.52,-7.13
2.37,-7.51,-7.11
2.36,-7.51,-7.08
2.35,-7.55,-7.01
2.36,-7.60,-6.94
2.37,-7.63,-6.87
2.36,-7.67,-6.76
2.33,-7.70,-6.68
2.32,-7.70,-6.63
2.31,-7.69,-6.56
2.29,-7.67,-6.52
2.28,-7.65,-6.50
2.26,-7.60,-6.45
2.27,-7.54,-6.46
2.28,-7.51,-6.48
2.28,-7.49,-6.51
2.29,-7.46,-6.59
2.32,-7.41,-6.66
2.32,-7.40,-6.69
2.31,-7.38,-6.73
2.30,-7.37,-6.73
2.29,-7.35,-6.74
2.28,-7.34,-6.75
2.27,-7.32,-6.74
2.26,-7.32,-6.70
2.25,-7.33,-6.64
2.28,-7.36,-6.60
2.32,-7.38,-6.57
2.33,-7.41,-6.56
2.33,-7.47,-6.55
2.33,-7.58,-6.56
2.34,-7.67,-6.55
2.37,-7.81,-6.54
2.41,-7.93,-6.52
2.42,-7.99,-6.52
2.39,-8.02,-6.59
2.35,-7.97,-6.69
2.31,-7.90,-6.78
2.24,-7.75,-6.93
2.16,-7.60,-7.02
2.12,-7.49,-7.11
2.11,-7.43,-7.17
2.11,-7.34,-7.26
2.11,-7.27,-7.37
2.13,-7.24,-7.46
2.25,-7.24,-7.51
2.40,-7.30,-7.45
2.47,-7.36,-7.44
2.55,-7.44,-7.43
2.64,-7.56,-7.55
2.72,-7.61,-7.61
2.78,-7.66,-7.71
2.79,-7.71,-7.74
2.77,-7.80,-7.69
2.74,-7.82,-7.48
2.64,-7.92,-7.47
2.50,-7.89,-7.15
2.40,-7.90,-7.07
2.26,-7.89,-6.96
2.16,-7.86,-7.14
2.14,-7.82,-7.11
2.13,-7.78,-7.11
2.15,-7.72,-6.96











-,-,-
5.06,-11.23,1.48
5.20,-11.54,1.41
5.26,-11.69,1.33
5.36,-11.82,1.16
5.44,-11.82,0.97
5.51,-11.66,0.78
5.54,-11.51,0.63
5.54,-11.20,0.42
5.49,-10.82,0.15
5.43,-10.55,0.00
5.29,-10.15,-0.18
5.13,-9.75,-0.29
5.04,-9.50,-0.30
4.91,-9.10,-0.24
4.84,-8.75,-0.12
4.85,-8.57,0.05
4.90,-8.42,0.34
4.99,-8.43,0.70
5.07,-8.56,1.09
5.12,-8.72,1.33
5.21,-9.05,1.69
5.30,-9.45,2.03
5.36,-9.75,2.21
5.42,-10.20,2.52
5.41,-10.63,2.74
5.36,-10.90,2.86
5.27,-11.21,3.02
5.11,-11.46,3.10
4.97,-11.56,3.16
4.68,-11.63,3.11
4.29,-11.60,2.96
3.85,-11.47,2.71
3.53,-11.33,2.43
3.03,-11.00,2.08
2.54,-10.51,1.62
2.24,-10.12,1.27
1.85,-9.50,0.82
1.53,-8.88,0.32
1.36,-8.48,0.01
1.16,-7.95,-0.42
1.01,-7.49,-0.61
0.94,-7.20,-0.70
0.82,-6.85,-0.70
0.74,-6.70,-0.61
0.71,-6.73,-0.49
0.71,-6.83,-0.45
0.76,-7.06,-0.23
0.86,-7.35,-0.18
0.93,-7.59,-0.09
1.00,-8.00,-0.09
1.05,-8.42,-0.22
1.07,-8.69,-0.38
1.04,-9.01,-0.71
0.92,-9.22,-1.15
0.78,-9.32,-1.53
0.54,-9.39,-2.18
0.26,-9.42,-2.94
0.06,-9.36,-3.57
-0.24,-9.18,-4.55
-0.54,-8.90,-5.61
-0.70,-8.65,-6.32
-0.92,-8.27,-7.31
-1.13,-7.93,-8.33
-1.34,-7.49,-9.29
-1.52,-7.16,-9.78
-1.85,-6.76,-10.36
-2.00,-6.02,-10.89
-2.02,-5.18,-10.98
-2.57,-4.46,-9.92
-3.10,-4.21,-9.43
-3.35,-4.20,-9.11
-3.62,-4.63,-9.04
-3.50,-4.95,-9.44
-3.42,-5.11,-9.30
-3.56,-5.68,-8.73
-3.68,-6.17,-8.71
-3.55,-6.32,-8.98
-3.44,-6.44,-9.02
-3.51,-6.61,-8.76
-3.59,-6.52,-8.92
-3.77,-6.62,-8.84
-4.13,-6.96,-8.98
-4.36,-7.32,-9.67
-4.39,-7.37,-10.13
-4.58,-7.43,-10.44
-4.79,-7.27,-10.98
-4.94,-7.08,-11.27
-5.20,-6.97,-11.63
-5.40,-7.05,-12.20
-5.32,-6.95,-12.91
-5.27,-6.86,-13.24
-5.29,-6.73,-13.57
-5.34,-6.70,-13.66
-5.37,-6.73,-13.72
-5.37,-6.85,-13.80
-5.30,-6.95,-13.86
-5.27,-7.01,-13.75
-5.21,-7.06,-13.42
-5.16,-7.09,-13.00
-5.13,-7.09,-12.50
-5.09,-7.05,-12.21
-5.01,-6.99,-11.79
-4.89,-6.94,-11.42
-4.83,-6.91,-11.17
-4.77,-6.91,-10.82
-4.73,-6.96,-10.50
-4.68,-7.01,-10.28
-4.60,-7.13,-9.96
-4.48,-7.31,-9.65
-4.35,-7.52,-9.33
-4.27,-7.66,-9.12
-4.15,-7.87,-8.83
-4.04,-8.08,-8.56
-3.96,-8.20,-8.41
-3.84,-8.35,-8.22
-3.72,-8.44,-8.08
-3.64,-8.47,-8.00
-3.52,-8.46,-7.89
-3.41,-8.38,-7.78
-3.33,-8.30,-7.69
-3.24,-8.15,-7.54
-3.17,-8.00,-7.41
-3.09,-7.86,-7.23
-3.04,-7.77,-7.10
-2.97,-7.67,-6.92
-2.90,-7.61,-6.75
-2.87,-7.58,-6.62
-2.83,-7.57,-6.44
-2.81,-7.61,-6.24
-2.80,-7.63,-6.10
-2.81,-7.67,-5.88
-2.82,-7.70,-5.72
-2.83,-7.73,-5.58
-2.84,-7.75,-5.50
-2.86,-7.76,-5.44
-2.87,-7.79,-5.42
-2.87,-7.81,-5.44
-2.84,-7.88,-5.49
-2.82,-7.94,-5.58
-2.80,-7.97,-5.66
-2.79,-8.03,-5.76
-2.79,-8.12,-5.90
-2.79,-8.17,-6.00
-2.78,-8.25,-6.12
-2.80,-8.31,-6.27
-2.82,-8.33,-6.40
-2.83,-8.33,-6.50
-2.83,-8.32,-6.62
-2.82,-8.29,-6.76
-2.83,-8.28,-6.84
-2.84,-8.25,-6.92
-2.87,-8.26,-6.94
-2.88,-8.28,-6.93
-2.89,-8.29,-6.91
-2.90,-8.32,-6.87
-2.92,-8.33,-6.85
-2.96,-8.37,-6.78
-2.98,-8.40,-6.68
-2.98,-8.44,-6.56
-2.97,-8.46,-6.46
-3.00,-8.50,-6.30
-3.05,-8.55,-6.17
-3.08,-8.58,-6.08
-3.12,-8.64,-5.98
-3.20,-8.69,-5.91
-3.28,-8.71,-5.87
-3.44,-8.74,-5.86
-3.65,-8.72,-5.85
-3.86,-8.66,-5.89
-4.20,-8.56,-5.94
-4.52,-8.43,-6.08
-4.82,-8.25,-6.27
-4.99,-8.09,-6.39
-5.20,-7.86,-6.61
-5.38,-7.61,-6.82
-5.50,-7.44,-6.96
-5.66,-7.20,-7.12
-5.80,-7.00,-7.27
-5.89,-6.90,-7.35
-6.00,-6.78,-7.42
-6.09,-6.70,-7.45
-6.12,-6.69,-7.42
-6.12,-6.70,-7.36
-6.08,-6.75,-7.21
-5.98,-6.81,-7.04
-5.89,-6.85,-6.89
-5.71,-6.92,-6.63
-5.49,-7.01,-6.31
-5.30,-7.07,-6.09
-5.01,-7.17,-5.74
-4.71,-7.28,-5.33
-4.54,-7.36,-5.03
-4.34,-7.50,-4.59
-4.23,-7.66,-4.19
-4.25,-7.77,-3.79
-4.33,-7.79,-3.54
-4.55,-7.79,-3.30
-4.82,-7.69,-3.12
-5.03,-7.59,-3.11
-5.31,-7.39,-3.21
-5.51,-7.08,-3.36
-5.64,-6.91,-3.56
-5.73,-6.64,-3.91
-5.69,-6.37,-4.30
-5.62,-6.19,-4.62
-5.46,-5.85,-5.01
-5.34,-5.62,-5.46
-5.28,-5.40,-5.80
-5.27,-5.34,-6.01
-5.22,-5.29,-6.22
-5.06,-5.36,-6.38
-4.86,-5.42,-6.42
-4.39,-5.43,-6.51
-3.62,-5.42,-6.67
-2.86,-5.64,-6.77
-1.73,-5.39,-7.28
-0.49,-5.08,-8.17
0.32,-5.15,-8.94
1.42,-5.82,-9.92
2.40,-7.28,-10.31
3.24,-9.18,-10.15
3.82,-10.43,-9.80
4.65,-12.00,-9.07
5.39,-12.84,-8.22
5.96,-13.31,-7.67
6.72,-13.64,-6.96
7.23,-13.55,-6.21
7.46,-13.23,-5.75
7.69,-12.72,-5.23
7.72,-12.06,-4.88
7.80,-11.18,-4.28
7.88,-10.47,-3.78
7.93,-9.65,-2.94
7.99,-9.04,-2.08
7.96,-9.04,-1.62
8.10,-9.09,-1.04
8.51,-8.27,-0.68
8.56,-7.80,-0.49
8.94,-6.19,-0.04
9.73,-5.72,0.60
10.02,-5.32,1.23
10.41,-4.98,2.67
10.81,-5.68,4.26
11.24,-6.48,5.45
11.48,-6.74,6.01
11.65,-6.47,6.63
11.98,-5.94,6.82
12.03,-5.72,6.33
11.82,-5.11,5.05
11.37,-4.58,3.32
10.96,-4.23,2.11
10.39,-4.09,0.42
9.87,-4.33,-0.94
9.41,-4.65,-1.87
9.05,-4.86,-2.28
8.50,-5.08,-2.76
8.03,-5.34,-3.28
7.98,-5.93,-3.79
8.05,-6.71,-5.14
7.95,-7.26,-6.76
7.85,-7.44,-7.82
7.75,-7.63,-9.36
7.60,-7.93,-10.53
7.55,-8.20,-11.00
7.50,-8.69,-11.44
7.44,-9.12,-11.66
7.36,-9.37,-11.74
7.28,-9.45,-11.70
7.17,-9.50,-11.43
6.98,-9.58,-11.08
6.84,-9.61,-10.76
6.63,-9.58,-10.14
6.36,-9.45,-9.52
6.16,-9.32,-9.10
5.86,-9.12,-8.49
5.55,-8.89,-7.92
5.26,-8.66,-7.35
5.06,-8.50,-6.94
4.80,-8.26,-6.40
4.57,-8.05,-5.93
4.41,-7.92,-5.64
4.18,-7.72,-5.27
4.00,-7.59,-4.99
3.92,-7.56,-4.90
3.84,-7.64,-4.90
3.78,-7.73,-5.05
3.76,-7.79,-5.19
3.72,-7.91,-5.47
3.68,-8.00,-5.82
3.65,-8.08,-6.21
3.62,-8.12,-6.41
3.57,-8.19,-6.66
3.49,-8.23,-6.78
3.45,-8.26,-6.85
3.36,-8.26,-6.94
3.27,-8.22,-6.97
3.21,-8.20,-6.96
3.11,-8.15,-6.94
3.02,-8.08,-6.89
2.98,-8.05,-6.82
2.91,-8.02,-6.72
2.87,-8.02,-6.62
2.85,-8.03,-6.49
2.84,-8.04,-6.39
2.81,-8.05,-6.23
2.81,-8.04,-6.07
2.81,-8.03,-5.97
2.77,-8.01,-5.83
2.77,-7.99,-5.69
2.76,-7.98,-5.60
2.72,-7.94,-5.47
2.70,-7.92,-5.36
2.65,-7.87,-5.28
2.63,-7.85,-5.25
2.59,-7.81,-5.23
2.49,-7.75,-5.28
2.45,-7.71,-5.32
2.41,-7.66,-5.34
2.37,-7.63,-5.39
2.38,-7.61,-5.41
2.42,-7.62,-5.44
2.51,-7.72,-5.42
2.54,-7.80,-5.45
2.62,-7.96,-5.49
2.71,-8.14,-5.57
2.77,-8.32,-5.69
2.77,-8.40,-5.81
2.82,-8.51,-5.90
2.87,-8.59,-5.98
2.88,-8.61,-6.05
2.99,-8.69,-6.05
3.00,-8.70,-6.13
3.00,-8.69,-6.16
2.99,-8.66,-6.17
2.98,-8.62,-6.15
2.96,-8.58,-6.15
2.96,-8.48,-6.08
2.94,-8.37,-5.96
2.93,-8.25,-5.82
2.92,-8.18,-5.72
2.90,-8.10,-5.60
2.94,-8.10,-5.43
2.96,-8.11,-5.36
3.01,-8.17,-5.30
3.05,-8.23,-5.26
3.05,-8.27,-5.26
3.01,-8.28,-5.27
3.00,-8.24,-5.28
3.02,-8.20,-5.29
3.05,-8.14,-5.29
3.08,-8.04,-5.27
3.09,-7.87,-5.24
3.05,-7.75,-5.21
2.98,-7.61,-5.18
2.91,-7.50,-5.14
2.85,-7.43,-5.13
2.77,-7.33,-5.15
2.73,-7.27,-5.22
2.72,-7.25,-5.28
2.74,-7.25,-5.40
2.80,-7.27,-5.56
2.86,-7.31,-5.66
2.98,-7.37,-5.80
3.10,-7.48,-5.91
3.22,-7.61,-6.02
3.28,-7.69,-6.05
3.37,-7.79,-6.06
3.43,-7.85,-6.00
3.45,-7.88,-5.95
3.49,-7.91,-5.85
3.53,-7.91,-5.74
3.57,-7.89,-5.63
3.64,-7.86,-5.48
3.71,-7.83,-5.35
3.76,-7.81,-5.26
3.82,-7.80,-5.18
3.86,-7.79,-5.11
3.88,-7.80,-5.05
3.90,-7.82,-5.02
3.92,-7.83,-5.02
3.90,-7.83,-5.07
3.89,-7.84,-5.10
3.88,-7.83,-5.16
3.83,-7.81,-5.23
3.79,-7.79,-5.28
3.72,-7.78,-5.37
3.65,-7.77,-5.46
3.60,-7.78,-5.50
3.54,-7.79,-5.60
3.52,-7.81,-5.69
3.50,-7.84,-5.74
3.50,-7.89,-5.76
3.50,-7.95,-5.80
3.53,-8.00,-5.82
3.56,-8.02,-5.85
3.60,-8.05,-5.88
3.62,-8.07,-5.95
3.62,-8.08,-6.01
3.62,-8.11,-6.07
3.62,-8.16,-6.11
3.60,-8.19,-6.11
3.54,-8.20,-6.11
3.48,-8.20,-6.07
3.46,-8.20,-6.02
3.46,-8.20,-5.99
3.45,-8.19,-5.94
3.42,-8.21,-5.89
3.41,-8.26,-5.88
3.42,-8.32,-5.86
3.44,-8.36,-5.80
3.45,-8.41,-5.80
3.47,-8.44,-5.80
3.48,-8.40,-5.80
3.47,-8.32,-5.88
3.46,-8.23,-5.91
3.48,-8.09,-5.94
3.49,-7.96,-5.95
3.48,-7.92,-5.94
3.42,-7.85,-5.80
3.32,-7.81,-5.66
3.24,-7.78,-5.53
3.14,-7.77,-5.31
3.07,-7.75,-5.09
3.05,-7.74,-4.95
2.99,-7.72,-4.79
2.92,-7.76,-4.73
2.85,-7.84,-4.75
2.82,-7.91,-4.80
2.80,-8.01,-4.93
2.84,-8.04,-5.08
2.88,-8.06,-5.20
2.88,-8.14,-5.54
2.89,-8.19,-5.81
2.92,-8.21,-5.96
2.99,-8.23,-6.10
3.10,-8.26,-6.13
3.16,-8.30,-6.20
3.25,-8.38,-6.25
3.32,-8.48,-6.27
3.41,-8.51,-6.26
3.45,-8.49,-6.26
3.50,-8.46,-6.14
3.51,-8.49,-6.04
3.51,-8.50,-5.85
3.48,-8.58,-5.50
3.41,-8.75,-5.32
3.30,-8.92,-5.27
3.20,-8.88,-5.31
3.09,-8.43,-5.15
3.02,-8.14,-5.08
2.90,-7.64,-4.81
2.79,-7.23,-4.52










-,-,-
-1.34,-8.54,-1.08
-1.59,-8.15,-2.22
-1.76,-7.92,-2.99
-2.03,-7.64,-4.08
-2.31,-7.45,-5.10
-2.57,-7.27,-5.99
-2.74,-7.19,-6.53
-3.00,-7.11,-7.24
-3.24,-6.99,-7.90
-3.37,-6.87,-8.33
-3.51,-6.71,-8.94
-3.63,-6.59,-9.49
-3.69,-6.54,-9.84
-3.78,-6.50,-10.31
-3.84,-6.52,-10.76
-3.91,-6.53,-11.20
-3.94,-6.60,-11.47
-4.07,-6.75,-11.85
-4.29,-6.86,-12.27
-4.44,-6.82,-12.54
-4.59,-6.75,-12.97
-4.72,-6.68,-13.36
-4.84,-6.66,-13.60
-5.05,-6.61,-13.94
-5.21,-6.53,-14.35
-5.22,-6.45,-14.86
-5.17,-6.22,-15.08
-5.27,-5.97,-15.08
-5.42,-5.73,-15.03
-5.47,-5.58,-15.06
-5.57,-5.63,-15.00
-5.56,-5.86,-14.93
-5.54,-6.09,-14.85
-5.43,-6.49,-14.69
-5.29,-6.87,-14.49
-5.19,-7.04,-14.27
-5.04,-7.19,-13.89
-4.87,-7.30,-13.47
-4.66,-7.36,-13.04
-4.50,-7.41,-12.79
-4.24,-7.50,-12.49
-3.97,-7.59,-12.24
-3.81,-7.66,-12.08
-3.64,-7.77,-11.82
-3.54,-7.87,-11.52
-3.49,-7.92,-11.32
-3.45,-7.97,-10.97
-3.41,-7.96,-10.62
-3.37,-7.90,-10.24
-3.34,-7.81,-9.99
-3.30,-7.63,-9.62
-3.28,-7.40,-9.26
-3.28,-7.26,-9.04
-3.32,-7.08,-8.71
-3.37,-6.94,-8.40
-3.42,-6.85,-8.18
-3.51,-6.75,-7.89
-3.58,-6.66,-7.66
-3.66,-6.60,-7.44
-3.70,-6.57,-7.30
-3.76,-6.56,-7.06
-3.79,-6.61,-6.82
-3.78,-6.66,-6.69
-3.72,-6.77,-6.53
-3.65,-6.93,-6.42
-3.56,-7.07,-6.37
-3.42,-7.31,-6.32
-3.27,-7.59,-6.32
-3.19,-7.80,-6.38
-3.08,-8.08,-6.50
-2.99,-8.33,-6.66
-2.91,-8.51,-6.86
-2.87,-8.60,-7.00
-2.82,-8.69,-7.19
-2.81,-8.75,-7.39
-2.83,-8.78,-7.52
-2.85,-8.81,-7.69
-2.89,-8.79,-7.82
-2.92,-8.79,-7.89
-2.94,-8.78,-7.96
-2.95,-8.78,-7.96
-2.96,-8.77,-7.94
-2.99,-8.77,-7.89
-3.05,-8.79,-7.81
-3.08,-8.82,-7.66
-3.09,-8.84,-7.55
-3.05,-8.88,-7.34
-3.01,-8.90,-7.12
-3.00,-8.92,-6.98
-3.02,-8.93,-6.77
-3.11,-8.92,-6.63
-3.22,-8.91,-6.56
-3.43,-8.87,-6.51
-3.68,-8.81,-6.55
-3.91,-8.72,-6.66
-4.02,-8.66,-6.78
-4.18,-8.56,-6.98
-4.32,-8.47,-7.21
-4.39,-8.41,-7.37
-4.47,-8.34,-7.59
-4.55,-8.27,-7.78
-4.60,-8.25,-7.84
-4.69,-8.22,-7.90
-4.76,-8.18,-7.92
-4.80,-8.13,-7.90
-4.84,-8.04,-7.82
-4.83,-7.92,-7.71
-4.80,-7.79,-7.57
-4.76,-7.69,-7.44
-4.71,-7.54,-7.21
-4.62,-7.38,-6.94
-4.54,-7.29,-6.75
-4.40,-7.15,-6.45
-4.20,-7.05,-6.09
-4.04,-7.01,-5.82
-3.79,-6.98,-5.37
-3.50,-6.97,-4.89
-3.30,-6.98,-4.55
-3.03,-7.06,-4.06
-2.81,-7.17,-3.59
-2.67,-7.34,-3.16
-2.59,-7.47,-2.91
-2.52,-7.61,-2.66
-2.53,-7.74,-2.59
-2.60,-7.78,-2.63
-2.79,-7.75,-2.76
-3.04,-7.67,-3.04
-3.25,-7.57,-3.31
-3.56,-7.36,-3.80
-3.83,-7.06,-4.34
-3.96,-6.82,-4.70
-4.10,-6.47,-5.27
-4.13,-6.12,-5.73
-4.05,-5.73,-6.14
-3.91,-5.45,-6.43
-3.65,-5.14,-6.79
-3.23,-4.89,-6.92
-2.91,-4.82,-7.02
-2.35,-4.76,-6.97
-1.72,-4.75,-6.88
-1.32,-4.81,-6.82
-0.67,-4.96,-6.57
0.01,-5.22,-6.23
0.68,-5.54,-5.86
1.17,-5.78,-5.56
1.78,-6.50,-5.24
2.51,-7.18,-4.68
3.04,-7.42,-4.35
3.74,-7.72,-3.98
4.42,-7.86,-3.55
4.86,-7.88,-3.33
5.40,-7.83,-3.13
5.73,-8.05,-3.17
5.96,-8.21,-3.11
6.28,-8.41,-3.24
6.49,-8.56,-3.34
6.65,-8.65,-3.35
6.72,-8.65,-3.31
6.84,-8.55,-2.96
6.94,-8.43,-2.33
7.00,-8.40,-1.83
7.17,-8.43,-0.93
7.41,-8.56,0.05
7.58,-8.69,0.63
7.87,-8.88,1.44
8.16,-9.07,2.00
8.31,-9.16,2.21
8.80,-10.62,2.21
9.75,-12.63,1.51
10.22,-12.92,0.33
10.18,-12.33,-0.83
10.16,-11.14,-3.02
10.08,-10.55,-5.26
10.06,-10.54,-6.39
10.03,-10.86,-7.75
9.97,-11.18,-8.85
9.86,-11.24,-9.50
9.57,-11.04,-10.33
9.23,-10.78,-10.95
8.85,-10.50,-11.32
8.56,-10.29,-11.49
8.14,-10.04,-11.52
7.79,-9.90,-11.27
7.59,-9.81,-11.01
7.33,-9.69,-10.49
7.12,-9.52,-9.87
7.00,-9.40,-9.48
6.85,-9.27,-8.89
6.69,-9.17,-8.24
6.54,-9.09,-7.55
6.40,-9.08,-7.05
6.14,-9.00,-6.28
5.88,-8.80,-5.52
5.71,-8.65,-5.04
5.52,-8.48,-4.36
5.38,-8.32,-3.82
5.29,-8.20,-3.55
5.18,-8.04,-3.33
5.08,-7.89,-3.35
5.02,-7.81,-3.45
4.92,-7.72,-3.73
4.78,-7.69,-4.08
4.61,-7.71,-4.41
4.49,-7.75,-4.59
4.30,-7.83,-4.76
4.13,-7.89,-4.89
4.03,-7.92,-4.96
3.91,-7.96,-5.07
3.79,-7.99,-5.22
3.68,-7.99,-5.36
3.52,-7.97,-5.59
3.38,-7.95,-5.82
3.30,-7.94,-5.93
3.19,-7.96,-6.07
3.05,-7.98,-6.18
2.91,-8.00,-6.26
2.81,-7.99,-6.30
2.65,-7.95,-6.35
2.48,-7.88,-6.38
2.38,-7.81,-6.41
2.25,-7.72,-6.41
2.13,-7.61,-6.38
2.06,-7.56,-6.36
1.95,-7.49,-6.28
1.87,-7.45,-6.18
1.82,-7.43,-6.10
1.78,-7.41,-5.99
1.76,-7.41,-5.90
1.75,-7.42,-5.86
1.76,-7.43,-5.86
1.78,-7.49,-5.91
1.82,-7.57,-5.98
1.85,-7.61,-6.04
1.87,-7.67,-6.12
1.90,-7.71,-6.16
1.98,-7.79,-6.15
2.02,-7.90,-6.17
2.10,-8.01,-6.18
2.15,-8.08,-6.15
2.16,-8.15,-6.17
2.19,-8.23,-6.17
2.18,-8.28,-6.15
2.16,-8.33,-6.16
2.13,-8.38,-6.21
2.13,-8.43,-6.28
2.12,-8.47,-6.32
2.11,-8.53,-6.36
2.11,-8.57,-6.40
2.13,-8.59,-6.43
2.14,-8.63,-6.38
2.15,-8.64,-6.27
2.17,-8.64,-6.17
2.21,-8.62,-5.97
2.21,-8.51,-5.76
2.21,-8.40,-5.54
2.23,-8.32,-5.37
2.25,-8.20,-5.12
2.29,-8.10,-4.92
2.31,-8.07,-4.80
2.34,-8.09,-4.61
2.37,-8.14,-4.45
2.39,-8.19,-4.36
2.42,-8.29,-4.26
2.43,-8.36,-4.23
2.39,-8.36,-4.26
2.37,-8.33,-4.30
2.33,-8.25,-4.45
2.31,-8.15,-4.58
2.29,-8.08,-4.69
2.27,-8.01,-4.88
2.29,-7.95,-5.09
2.29,-7.92,-5.26
2.30,-7.91,-5.48
2.31,-7.90,-5.65
2.29,-7.90,-5.74
2.25,-7.90,-5.86
2.22,-7.85,-5.96
2.20,-7.80,-6.00
2.19,-7.76,-6.04
2.16,-7.67,-6.07
2.18,-7.60,-6.02
2.19,-7.56,-5.98
2.20,-7.50,-5.85
2.19,-7.47,-5.69
2.18,-7.46,-5.57
2.20,-7.48,-5.37
2.22,-7.52,-5.20
2.24,-7.53,-5.12
2.26,-7.59,-5.02
2.27,-7.69,-4.94
2.29,-7.77,-4.97
2.29,-7.81,-5.03
2.30,-7.87,-5.14
2.29,-7.94,-5.31
2.29,-7.98,-5.41
2.34,-8.02,-5.61
2.38,-8.05,-5.84
2.39,-8.08,-5.99
2.40,-8.11,-6.18
2.42,-8.17,-6.36
2.44,-8.24,-6.47
2.48,-8.29,-6.53
2.52,-8.37,-6.60
2.54,-8.45,-6.65
2.55,-8.50,-6.66
2.56,-8.55,-6.68
2.56,-8.57,-6.64
2.54,-8.55,-6.62
2.52,-8.53,-6.60
2.51,-8.48,-6.52
2.49,-8.46,-6.45
2.46,-8.43,-6.32
2.43,-8.42,-6.14
2.44,-8.42,-6.00
2.45,-8.43,-5.90
2.48,-8.42,-5.82
2.52,-8.41,-5.78
2.53,-8.40,-5.77
2.55,-8.41,-5.78
2.59,-8.46,-5.79
2.61,-8.48,-5.76
2.65,-8.48,-5.76
2.65,-8.42,-5.77
2.64,-8.37,-5.77
2.60,-8.30,-5.70
2.60,-8.26,-5.60
2.58,-8.24,-5.48
2.56,-8.22,-5.37
2.53,-8.16,-5.26
2.51,-8.11,-5.20
2.51,-8.08,-5.20
2.52,-8.05,-5.23
2.51,-8.07,-5.29
2.50,-8.11,-5.32
2.50,-8.20,-5.41
2.56,-8.26,-5.52
2.61,-8.31,-5.58
2.70,-8.37,-5.66
2.78,-8.40,-5.71
2.86,-8.43,-5.73
2.90,-8.45,-5.72
2.96,-8.50,-5.68
2.99,-8.54,-5.57
3.01,-8.54,-5.49
3.00,-8.51,-5.37
2.98,-8.47,-5.32
2.97,-8.44,-5.29
2.95,-8.39,-5.27
2.94,-8.36,-5.30
2.94,-8.34,-5.32
2.94,-8.34,-5.32
2.93,-8.34,-5.32
2.91,-8.36,-5.30
2.90,-8.37,-5.29
2.89,-8.39,-5.28
2.86,-8.39,-5.33
2.85,-8.38,-5.38
2.81,-8.37,-5.45
2.78,-8.37,-5.52
2.75,-8.37,-5.56
2.74,-8.38,-5.61
2.72,-8.41,-5.66
2.72,-8.43,-5.70
2.71,-8.45,-5.76
2.72,-8.49,-5.84
2.73,-8.53,-5.93
2.74,-8.57,-5.96
2.76,-8.63,-6.00
2.77,-8.68,-6.02
2.77,-8.71,-6.02
2.74,-8.73,-5.95
2.72,-8.68,-5.86
2.71,-8.63,-5.76
2.71,-8.55,-5.62
2.70,-8.47,-5.48
2.66,-8.41,-5.36
2.63,-8.37,-5.25
2.60,-8.39,-5.11
2.57,-8.41,-4.95
2.55,-8.39,-4.86
2.53,-8.33,-4.80
2.53,-8.25,-4.81
2.55,-8.21,-4.86
2.54,-8.21,-4.99
2.55,-8.24,-5.15
2.56,-8.28,-5.23
2.59,-8.37,-5.36
2.63,-8.46,-5.46
2.66,-8.52,-5.55
2.69,-8.54,-5.63
2.71,-8.58,-5.76
2.73,-8.62,-5.88
2.74,-8.65,-5.92
2.75,-8.67,-5.95
2.76,-8.67,-5.92
2.76,-8.68,-5.90
2.77,-8.68,-5.87
2.77,-8.68,-5.83
2.78,-8.68,-5.81
2.79,-8.70,-5.78
2.81,-8.72,-5.76
2.82,-8.71,-5.73
2.83,-8.71,-5.71
2.85,-8.69,-5.68
2.84,-8.68,-5.62
2.84,-8.66,-5.59
2.82,-8.66,-5.51
2.74,-8.65,-5.40
2.69,-8.62,-5.31
2.60,-8.54,-5.19
2.55,-8.41,-5.06
2.52,-8.25,-4.88
2.49,-8.15,-4.74
2.45,-8.02,-4.52
2.44,-7.97,-4.35
2.47,-7.97,-4.26
2.53,-8.00,-4.16
2.58,-8.04,-4.13
2.61,-8.08,-4.14
2.68,-8.09,-4.19
2.72,-8.11,-4.28
2.71,-8.14,-4.38
2.71,-8.19,-4.58
2.70,-8.29,-4.80
2.70,-8.43,-5.01
2.71,-8.51,-5.15
2.74,-8.60,-5.39
2.79,-8.66,-5.64
2.83,-8.71,-5.79
2.87,-8.78,-6.00
2.90,-8.86,-6.13
2.91,-8.89,-6.16
2.90,-8.90,-6.13
2.89,-8.88,-6.06
2.88,-8.85,-6.00
2.85,-8.83,-5.92
2.84,-8.83,-5.82
2.83,-8.80,-5.75
2.83,-8.79,-5.72
2.84,-8.76,-5.65
2.84,-8.73,-5.55
2.84,-8.70,-5.50
2.83,-8.69,-5.42
2.84,-8.67,-5.37
2.85,-8.65,-5.34
2.89,-8.65,-5.34
2.90,-8.64,-5.33
2.92,-8.62,-5.29
2.93,-8.58,-5.15
2.93,-8.49,-4.93
2.89,-8.37,-4.64
2.86,-8.28,-4.48
2.84,-8.17,-4.31
2.84,-8.18,-4.24










-,-,-
0.08,-9.09,3.90
-0.16,-8.94,3.12
-0.33,-8.89,2.59
-0.64,-8.79,1.76
-1.00,-8.66,0.85
-1.41,-8.47,-0.12
-1.69,-8.32,-0.81
-2.05,-8.07,-1.87
-2.36,-7.86,-2.95
-2.53,-7.70,-3.68
-2.72,-7.40,-4.63
-2.87,-7.03,-5.54
-3.01,-6.87,-6.13
-3.16,-6.67,-6.88
-3.22,-6.40,-7.53
-3.28,-6.21,-7.95
-3.47,-5.97,-8.54
-3.75,-5.98,-9.06
-3.97,-6.13,-9.54
-4.06,-6.20,-9.85
-4.21,-6.34,-10.25
-4.26,-6.60,-10.56
-4.15,-6.47,-10.61
-4.23,-6.31,-10.60
-4.51,-6.13,-10.70
-4.69,-6.03,-10.84
-4.85,-6.08,-11.14
-4.89,-6.48,-11.47
-4.83,-6.85,-11.71
-4.79,-6.91,-11.89
-4.71,-6.64,-12.15
-4.55,-5.81,-12.28
-4.55,-5.32,-12.32
-4.74,-5.10,-12.28
-4.95,-5.43,-12.29
-5.04,-5.57,-12.32
-5.24,-5.78,-12.49
-5.35,-5.92,-12.62
-5.38,-5.40,-12.66
-5.42,-5.07,-12.65
-5.56,-4.82,-12.70
-5.72,-4.88,-12.62
-5.81,-5.11,-12.62
-5.96,-5.43,-12.67
-6.07,-5.61,-12.78
-6.16,-5.67,-12.75
-6.30,-5.73,-12.74
-6.35,-5.67,-12.71
-6.35,-5.66,-12.73
-6.34,-5.68,-12.77
-6.28,-5.70,-12.90
-6.22,-5.71,-12.98
-6.17,-5.73,-13.03
-6.12,-5.86,-13.15
-6.01,-5.99,-13.22
-5.91,-6.08,-13.24
-5.74,-6.24,-13.16
-5.57,-6.45,-13.00
-5.45,-6.60,-12.83
-5.32,-6.86,-12.50
-5.21,-7.18,-12.08
-5.08,-7.50,-11.63
-4.98,-7.71,-11.33
-4.81,-7.96,-10.90
-4.67,-8.12,-10.50
-4.58,-8.18,-10.22
-4.50,-8.23,-9.84
-4.45,-8.24,-9.46
-4.43,-8.21,-9.22
-4.42,-8.19,-8.83
-4.42,-8.18,-8.45
-4.46,-8.18,-8.08
-4.49,-8.19,-7.82
-4.54,-8.21,-7.50
-4.60,-8.31,-7.19
-4.66,-8.36,-7.02
-4.76,-8.35,-6.82
-4.83,-8.32,-6.70
-4.85,-8.33,-6.67
-4.86,-8.38,-6.64
-4.87,-8.43,-6.63
-4.86,-8.44,-6.63
-4.84,-8.45,-6.70
-4.78,-8.50,-6.76
-4.73,-8.60,-6.84
-4.69,-8.66,-6.90
-4.65,-8.75,-6.96
-4.60,-8.84,-7.03
-4.58,-8.88,-7.05
-4.52,-8.97,-7.06
-4.46,-9.04,-7.03
-4.42,-9.07,-7.00
-4.36,-9.07,-6.88
-4.30,-9.09,-6.85
-4.24,-9.11,-6.80
-4.19,-9.10,-6.74
-4.12,-9.08,-6.62
-4.06,-9.06,-6.51
-4.02,-9.04,-6.42
-3.95,-9.00,-6.30
-3.89,-8.97,-6.21
-3.85,-8.95,-6.15
-3.78,-8.92,-6.01
-3.70,-8.91,-5.90
-3.63,-8.91,-5.83
-3.53,-8.94,-5.70
-3.44,-8.96,-5.57
-3.38,-8.98,-5.47
-3.34,-9.00,-5.38
-3.29,-9.04,-5.27
-3.27,-9.05,-5.17
-3.27,-9.05,-5.11
-3.28,-9.03,-5.01
-3.31,-9.02,-4.92
-3.33,-8.97,-4.86
-3.40,-8.88,-4.81
-3.54,-8.74,-4.79
-3.65,-8.62,-4.79
-3.80,-8.42,-4.87
-3.92,-8.15,-5.03
-3.97,-7.89,-5.18
-3.97,-7.74,-5.34
-3.95,-7.54,-5.52
-3.84,-7.37,-5.72
-3.73,-7.26,-5.80
-3.55,-7.16,-5.99
-3.39,-7.13,-6.19
-3.27,-7.15,-6.32
-3.07,-7.18,-6.43
-2.87,-7.21,-6.43
-2.76,-7.28,-6.52
-2.62,-7.42,-6.65
-2.39,-7.52,-6.60
-2.12,-7.58,-6.47
-1.92,-7.62,-6.44
-1.59,-7.74,-6.35
-1.26,-7.84,-6.17
-1.06,-7.88,-6.02
-0.78,-8.00,-5.87
-0.52,-8.09,-5.56
-0.33,-8.05,-5.32
-0.07,-7.93,-5.20
0.18,-7.75,-5.15
0.33,-7.67,-5.14
0.57,-7.53,-5.01
0.82,-7.50,-4.95
0.99,-7.68,-4.92
1.11,-7.80,-4.83
1.28,-7.96,-4.72
1.41,-8.09,-4.69
1.55,-8.01,-4.49
1.76,-7.87,-4.36
1.93,-7.68,-4.29
2.01,-7.59,-4.36
2.17,-7.28,-4.09
2.32,-6.89,-4.02
2.40,-6.57,-3.94
2.51,-6.26,-4.12
2.60,-6.11,-4.30
2.85,-6.00,-4.38
3.03,-5.96,-4.55
3.26,-5.81,-4.61
3.71,-5.29,-4.43
3.92,-5.03,-4.68
4.41,-4.29,-4.79
4.96,-3.86,-5.33
5.31,-3.67,-5.71
5.75,-3.51,-6.38
6.10,-3.76,-7.00
6.29,-4.09,-7.21
6.50,-4.86,-7.30
6.66,-5.75,-7.00
6.83,-6.54,-6.33
6.97,-6.97,-5.86
7.15,-7.44,-5.18
7.33,-7.89,-4.81
7.53,-7.88,-4.38
7.85,-7.74,-4.05
8.13,-7.49,-3.79
8.21,-7.25,-3.81
8.43,-7.06,-3.84
8.59,-7.07,-4.09
8.72,-7.16,-4.31
8.99,-7.43,-4.78
9.22,-7.64,-5.22
9.43,-7.85,-5.62
9.59,-8.01,-5.81
9.77,-8.33,-6.06
9.96,-8.65,-6.06
10.07,-8.84,-6.04
10.13,-9.09,-5.94
10.19,-9.08,-5.60
10.15,-9.05,-5.39
10.05,-8.91,-4.99
9.92,-8.75,-4.55
9.80,-8.64,-4.29
9.61,-8.43,-3.91
9.38,-8.26,-3.68
9.15,-8.08,-3.51
8.98,-7.99,-3.44
8.74,-7.89,-3.35
8.50,-7.82,-3.27
8.33,-7.80,-3.19
8.05,-7.81,-3.03
7.74,-7.83,-2.88
7.50,-7.81,-2.80
7.14,-7.77,-2.74
6.79,-7.68,-2.74
6.42,-7.57,-2.80
6.21,-7.49,-2.88
5.90,-7.38,-3.04
5.60,-7.28,-3.21
5.41,-7.25,-3.37
5.18,-7.26,-3.68
5.02,-7.30,-4.06
4.92,-7.36,-4.31
4.80,-7.49,-4.73
4.70,-7.71,-5.16
4.64,-7.93,-5.46
4.58,-8.25,-5.90
4.50,-8.52,-6.34
4.41,-8.65,-6.66
4.36,-8.75,-6.91
4.28,-8.83,-7.11
4.23,-8.87,-7.24
4.19,-8.89,-7.26
4.13,-8.85,-7.12
4.07,-8.77,-6.89
3.99,-8.74,-6.74
3.86,-8.70,-6.46
3.71,-8.62,-6.18
3.61,-8.57,-6.04
3.46,-8.49,-5.85
3.33,-8.41,-5.75
3.21,-8.31,-5.70
3.13,-8.30,-5.72
2.99,-8.27,-5.67
2.82,-8.22,-5.73
2.69,-8.17,-5.76
2.50,-8.10,-5.93
2.34,-8.05,-6.02
2.26,-8.03,-6.04
2.16,-8.03,-6.10
2.08,-7.99,-6.04
2.02,-7.98,-6.08
1.92,-7.92,-6.11
1.85,-7.94,-6.23
1.85,-7.99,-6.31
1.88,-8.08,-6.46
1.95,-8.20,-6.58
2.04,-8.40,-6.69
2.12,-8.50,-6.64
2.26,-8.71,-6.55
2.42,-8.87,-6.37
2.51,-9.02,-6.41
2.64,-9.19,-6.22
2.75,-9.36,-6.07
2.79,-9.40,-5.84
2.80,-9.42,-5.62
2.80,-9.22,-5.25
2.80,-8.86,-4.94
2.77,-8.58,-4.70
2.72,-8.22,-4.40
2.66,-7.97,-4.25
2.62,-7.90,-4.22
2.58,-7.90,-4.18
2.53,-7.96,-4.16
2.50,-8.03,-4.23
2.47,-8.14,-4.31
2.45,-8.22,-4.48
2.44,-8.28,-4.61
2.41,-8.37,-4.79
2.38,-8.49,-4.94
2.39,-8.55,-5.04
2.40,-8.57,-5.11
2.42,-8.59,-5.17
2.46,-8.65,-5.21
2.50,-8.69,-5.22
2.57,-8.75,-5.17
2.65,-8.83,-5.08
2.69,-8.85,-4.96
2.68,-8.84,-4.82
2.63,-8.80,-4.72
2.55,-8.71,-4.63
2.48,-8.65,-4.64
2.37,-8.47,-4.63
2.30,-8.24,-4.61
2.26,-8.08,-4.63
2.24,-7.85,-4.63
2.22,-7.65,-4.61
2.22,-7.60,-4.63
2.24,-7.59,-4.66
2.27,-7.69,-4.71










-,-,-
3.18,-8.89,1.12
3.21,-8.90,1.26
3.25,-8.91,1.38
3.31,-8.95,1.57
3.36,-8.98,1.73
3.40,-9.00,1.89
3.43,-9.02,1.99
3.48,-9.07,2.14
3.55,-9.13,2.35
3.60,-9.18,2.51
3.73,-9.25,2.82
3.94,-9.36,3.10
4.09,-9.46,3.31
4.41,-9.62,3.73
4.74,-9.85,4.16
4.98,-10.01,4.44
5.33,-10.31,4.86
5.61,-10.60,5.22
5.83,-10.91,5.49
5.92,-11.11,5.61
6.01,-11.38,5.66
6.05,-11.59,5.58
6.03,-11.69,5.49
5.96,-11.72,5.31
5.81,-11.63,5.08
5.66,-11.47,4.91
5.38,-11.13,4.58
5.08,-10.74,4.16
4.78,-10.29,3.68
4.58,-9.97,3.38
4.29,-9.48,2.95
4.04,-9.01,2.57
3.88,-8.70,2.34
3.63,-8.27,2.05
3.36,-7.91,1.87
3.19,-7.70,1.81
2.94,-7.45,1.78
2.70,-7.26,1.88
2.57,-7.17,2.01
2.44,-7.07,2.32
2.36,-7.05,2.65
2.33,-7.13,3.00
2.35,-7.21,3.26
2.47,-7.40,3.57
2.63,-7.66,3.77
2.77,-7.85,3.87
3.01,-8.15,3.94
3.22,-8.53,3.93
3.35,-8.80,3.87
3.52,-9.22,3.67
3.71,-9.57,3.39
3.83,-9.75,3.13
4.05,-9.97,2.72
4.26,-10.10,2.26
4.45,-10.16,1.79
4.54,-10.14,1.46
4.63,-10.06,0.93
4.65,-9.94,0.55
4.64,-9.76,0.19
4.57,-9.44,-0.27
4.38,-9.11,-0.67
4.23,-8.89,-0.90
3.98,-8.51,-1.21
3.68,-8.17,-1.37
3.44,-7.92,-1.43
3.04,-7.57,-1.48
2.60,-7.23,-1.39
2.17,-6.94,-1.21
1.92,-6.79,-1.02
1.64,-6.60,-0.70
1.47,-6.45,-0.31
1.39,-6.39,-0.01
1.31,-6.36,0.49
1.26,-6.45,1.01
1.25,-6.56,1.35
1.24,-6.82,1.81
1.24,-7.18,2.22
1.25,-7.45,2.45
1.30,-7.78,2.64
1.37,-8.06,2.63
1.47,-8.35,2.48
1.54,-8.54,2.31
1.64,-8.78,2.02
1.69,-8.95,1.65
1.68,-8.98,1.34
1.62,-8.97,0.82
1.47,-8.92,0.34
1.32,-8.88,0.00
1.05,-8.88,-0.49
0.74,-8.93,-0.99
0.51,-8.93,-1.35
0.14,-8.82,-1.93
-0.17,-8.58,-2.58
-0.35,-8.37,-3.07
-0.58,-8.03,-3.75
-0.79,-7.72,-4.49
-0.98,-7.46,-5.19
-1.10,-7.32,-5.64
-1.34,-7.10,-6.23
-1.54,-7.00,-6.71
-1.68,-7.10,-6.95
-1.88,-7.31,-7.22
-2.08,-7.37,-7.48
-2.19,-7.38,-7.59
-2.30,-7.36,-7.84
-2.27,-7.07,-7.89
-2.37,-6.91,-7.88
-2.61,-6.65,-8.01
-2.81,-6.65,-8.24
-2.98,-6.61,-8.44
-3.15,-6.71,-8.68
-3.31,-6.89,-9.07
-3.24,-6.84,-9.32
-3.27,-6.85,-9.36
-3.51,-6.95,-9.47
-3.76,-6.89,-9.42
-4.01,-6.93,-9.48
-4.36,-7.07,-9.69
-4.63,-7.41,-10.22
-4.77,-7.68,-10.65
-4.90,-8.05,-11.40
-4.92,-7.94,-12.26
-5.17,-8.09,-12.87
-5.34,-8.34,-13.32
-5.50,-8.68,-14.06
-5.49,-8.73,-14.92
-5.46,-8.67,-15.36
-5.46,-8.65,-15.91
-5.52,-8.71,-16.32
-5.54,-8.83,-16.55
-5.53,-9.08,-16.91
-5.46,-9.23,-17.19
-5.35,-9.28,-17.30
-5.27,-9.25,-17.27
-5.12,-8.96,-16.98
-5.03,-8.62,-16.46
-5.00,-8.42,-15.95
-4.94,-8.21,-15.15
-4.84,-8.19,-14.28
-4.74,-8.22,-13.66
-4.57,-8.34,-12.77
-4.40,-8.48,-11.83
-4.27,-8.56,-11.23
-4.10,-8.61,-10.38
-3.91,-8.67,-9.64
-3.72,-8.76,-8.93
-3.60,-8.81,-8.48
-3.41,-8.85,-7.88
-3.20,-8.90,-7.35
-3.06,-8.94,-7.04
-2.86,-9.03,-6.62
-2.69,-9.09,-6.20
-2.57,-9.13,-5.97
-2.44,-9.18,-5.69
-2.33,-9.21,-5.46
-2.26,-9.22,-5.22
-2.26,-9.25,-5.09
-2.27,-9.27,-4.87
-2.32,-9.24,-4.69
-2.37,-9.18,-4.58
-2.43,-9.07,-4.43
-2.47,-8.96,-4.31
-2.50,-8.90,-4.26
-2.50,-8.78,-4.19
-2.49,-8.71,-4.14
-2.47,-8.69,-4.13
-2.44,-8.70,-4.10
-2.43,-8.77,-4.09
-2.42,-8.89,-4.15
-2.41,-8.96,-4.22
-2.40,-9.03,-4.35
-2.40,-9.07,-4.54
-2.39,-9.08,-4.69
-2.40,-9.09,-4.94
-2.41,-9.10,-5.17
-2.41,-9.10,-5.33
-2.43,-9.10,-5.56
-2.47,-9.12,-5.71
-2.54,-9.15,-5.82
-2.57,-9.16,-5.86
-2.63,-9.19,-5.92
-2.70,-9.18,-5.91
-2.76,-9.16,-5.88
-2.85,-9.13,-5.85
-2.96,-9.08,-5.79
-3.03,-9.05,-5.73
-3.13,-9.00,-5.70
-3.21,-8.95,-5.63
-3.27,-8.93,-5.57
-3.32,-8.93,-5.48
-3.36,-8.93,-5.38
-3.38,-8.92,-5.30
-3.37,-8.93,-5.23
-3.34,-8.93,-5.13
-3.26,-8.92,-5.02
-3.19,-8.92,-4.94
-3.07,-8.93,-4.84
-2.98,-8.95,-4.74
-2.97,-8.96,-4.66
-3.07,-8.96,-4.58
-3.33,-8.93,-4.55
-3.59,-8.87,-4.58
-4.05,-8.69,-4.73
-4.56,-8.38,-4.95
-5.04,-7.97,-5.29
-5.31,-7.64,-5.55
-5.63,-7.11,-6.00
-5.86,-6.57,-6.49
-5.98,-6.27,-6.82
-6.10,-5.88,-7.27
-6.16,-5.56,-7.69
-6.17,-5.43,-7.91
-6.17,-5.37,-8.19
-6.12,-5.43,-8.36
-6.04,-5.56,-8.44
-5.94,-5.71,-8.46
-5.76,-5.92,-8.35
-5.54,-6.16,-8.26
-5.39,-6.30,-8.14
-5.14,-6.55,-7.98
-4.86,-6.76,-7.82
-4.65,-6.86,-7.65
-4.30,-7.05,-7.45
-3.91,-7.27,-7.27
-3.62,-7.36,-7.11
-3.17,-7.50,-6.94
-2.70,-7.66,-6.81
-2.17,-7.86,-6.61
-1.82,-8.01,-6.47
-1.28,-8.17,-6.28
-0.75,-8.35,-6.11
-0.43,-8.50,-5.93
0.00,-8.77,-5.65
0.39,-9.06,-5.42
0.61,-9.21,-5.24
0.89,-9.39,-5.07
1.10,-9.40,-4.95
1.23,-9.40,-4.98
1.35,-9.46,-5.14
1.47,-9.60,-5.20
1.53,-9.56,-5.10
1.65,-9.27,-4.93
1.79,-8.72,-4.76
2.02,-7.90,-4.60
2.21,-7.24,-4.57
2.56,-6.22,-4.69
2.98,-5.27,-4.86
3.24,-4.83,-4.98
3.60,-4.58,-5.09
3.88,-4.90,-4.91
4.07,-5.29,-4.62
4.42,-6.13,-3.96
4.82,-7.07,-3.07
5.07,-7.64,-2.51
5.47,-8.21,-1.80
5.91,-8.41,-1.20
6.39,-8.58,-0.75
6.70,-8.60,-0.39
7.11,-8.69,-0.04
7.47,-8.83,0.22
7.64,-8.94,0.24
7.96,-9.02,0.29
8.30,-9.12,0.27
8.51,-9.22,0.21
8.86,-9.37,0.17
9.18,-9.59,0.01
9.36,-9.84,-0.19
9.72,-10.08,-0.47
10.23,-10.79,-0.79
10.97,-12.17,-1.16
11.33,-12.62,-1.53
11.53,-12.44,-2.48
11.67,-11.75,-3.65
11.80,-11.14,-4.31
11.71,-10.61,-4.75
11.49,-10.48,-4.47
11.28,-10.47,-4.12
10.91,-10.28,-3.58
10.59,-9.71,-3.09
10.21,-9.17,-2.63
9.96,-8.93,-2.35
9.62,-8.76,-2.06
9.23,-8.72,-1.87
8.96,-8.70,-1.78
8.57,-8.60,-1.68
8.21,-8.44,-1.60
8.01,-8.30,-1.55
7.72,-8.12,-1.45
7.44,-8.06,-1.35
7.28,-8.08,-1.28
7.04,-8.18,-1.19
6.79,-8.23,-1.24
6.57,-8.23,-1.43
6.43,-8.20,-1.60
6.19,-8.12,-1.90
5.95,-8.02,-2.23
5.77,-7.98,-2.45
5.50,-7.96,-2.74
5.27,-7.98,-3.00
5.13,-8.02,-3.16
4.94,-8.08,-3.41
4.77,-8.11,-3.69
4.66,-8.13,-3.90
4.49,-8.17,-4.20
4.35,-8.26,-4.51
4.19,-8.37,-4.80
4.08,-8.44,-4.94
3.93,-8.51,-5.15
3.79,-8.55,-5.28
3.70,-8.55,-5.33
3.58,-8.54,-5.36
3.45,-8.53,-5.36
3.38,-8.52,-5.32
3.25,-8.51,-5.26
3.11,-8.48,-5.18
2.96,-8.42,-5.12
2.86,-8.38,-5.07
2.74,-8.33,-5.00
2.63,-8.28,-4.95
2.55,-8.23,-4.92
2.42,-8.15,-4.87
2.30,-8.09,-4.86
2.23,-8.05,-4.86
2.16,-8.00,-4.94
2.13,-7.97,-5.02
2.13,-7.97,-5.10
2.15,-7.99,-5.19
2.18,-8.06,-5.28
2.23,-8.17,-5.37
2.28,-8.26,-5.41
2.36,-8.37,-5.45
2.47,-8.48,-5.49
2.55,-8.56,-5.51
2.66,-8.71,-5.50
2.75,-8.86,-5.51
2.81,-8.94,-5.49
2.87,-9.04,-5.50
2.94,-9.11,-5.50
2.98,-9.15,-5.49
3.04,-9.21,-5.45
3.04,-9.23,-5.39
3.01,-9.25,-5.30
2.97,-9.24,-5.25
2.88,-9.18,-5.15
2.78,-9.10,-5.05
2.73,-9.05,-4.98
2.66,-8.93,-4.89
2.58,-8.81,-4.82
2.53,-8.73,-4.75
2.44,-8.63,-4.63
2.37,-8.57,-4.51
2.35,-8.54,-4.41
2.35,-8.48,-4.26
2.38,-8.42,-4.15
2.39,-8.38,-4.07
2.39,-8.37,-4.03
2.43,-8.38,-4.00
2.48,-8.41,-3.96
2.51,-8.44,-3.96
2.56,-8.49,-4.03
2.61,-8.52,-4.12
2.66,-8.54,-4.19
2.70,-8.56,-4.32
2.76,-8.57,-4.45
2.80,-8.60,-4.54
2.86,-8.65,-4.67
2.93,-8.70,-4.79
2.98,-8.75,-4.86
3.00,-8.80,-4.89
3.04,-8.84,-4.90
3.07,-8.84,-4.88
3.10,-8.82,-4.86
3.12,-8.77,-4.77
3.15,-8.71,-4.70
3.16,-8.66,-4.62
3.16,-8.64,-4.50
3.13,-8.65,-4.36
3.12,-8.65,-4.26
3.11,-8.65,-4.12
3.14,-8.61,-4.02
3.17,-8.55,-3.97
3.19,-8.52,-3.96
3.21,-8.52,-3.98
3.22,-8.56,-4.08
3.23,-8.60,-4.21
3.26,-8.64,-4.45
3.26,-8.71,-4.71
3.25,-8.74,-4.88
3.22,-8.77,-5.14
3.17,-8.75,-5.35
3.11,-8.74,-5.47
3.08,-8.73,-5.49
3.03,-8.70,-5.52
2.96,-8.69,-5.47
2.92,-8.70,-5.38
2.90,-8.68,-5.24
2.89,-8.62,-5.07
2.88,-8.58,-4.96
2.87,-8.52,-4.81
2.88,-8.48,-4.69
2.90,-8.46,-4.62
2.93,-8.44,-4.54
2.99,-8.43,-4.50
3.06,-8.43,-4.46
3.11,-8.44,-4.45
3.18,-8.44,-4.40
3.22,-8.48,-4.36
3.24,-8.51,-4.34
3.24,-8.47,-4.28
3.25,-8.44,-4.25
3.25,-8.49,-4.28
3.24,-8.55,-4.34
3.22,-8.50,-4.45
3.23,-8.42,-4.52
3.26,-8.31,-4.65
3.30,-8.27,-4.76
3.35,-8.37,-4.87
3.38,-8.50,-4.95
3.39,-8.71,-5.08
3.41,-8.83,-5.19
3.42,-8.87,-5.24
3.43,-8.87,-5.29
3.46,-8.89,-5.36
3.48,-8.93,-5.35
3.52,-8.97,-5.37
3.57,-8.91,-5.29










-,-,-
3.90,-8.70,-0.66
3.94,-8.73,-0.76
3.96,-8.75,-0.84
4.00,-8.80,-0.96
4.04,-8.86,-1.08
4.06,-8.90,-1.16
4.08,-8.93,-1.21
4.09,-8.98,-1.26
4.10,-9.01,-1.30
4.11,-9.04,-1.30
4.12,-9.07,-1.32
4.15,-9.08,-1.35
4.17,-9.09,-1.36
4.18,-9.11,-1.38
4.16,-9.12,-1.39
4.15,-9.15,-1.39
4.13,-9.17,-1.36
4.09,-9.17,-1.32
4.07,-9.14,-1.25
4.08,-9.12,-1.18
4.12,-9.11,-1.00
4.16,-9.10,-0.80
4.20,-9.11,-0.62
4.25,-9.12,-0.36
4.26,-9.16,-0.11
4.27,-9.18,0.09
4.26,-9.23,0.31
4.25,-9.28,0.58
4.24,-9.30,0.74
4.23,-9.29,0.99
4.22,-9.23,1.26
4.22,-9.18,1.42
4.24,-9.08,1.67
4.28,-8.96,1.85
4.33,-8.87,2.02
4.37,-8.80,2.15
4.45,-8.71,2.27
4.54,-8.64,2.38
4.60,-8.61,2.48
4.70,-8.58,2.64
4.82,-8.61,2.75
4.89,-8.67,2.81
5.03,-8.77,2.90
5.20,-8.84,2.91
5.38,-8.95,2.86
5.51,-9.04,2.80
5.67,-9.18,2.70
5.80,-9.31,2.54
5.87,-9.40,2.41
5.97,-9.49,2.20
6.07,-9.56,2.03
6.14,-9.58,1.92
6.23,-9.57,1.81
6.31,-9.55,1.76
6.36,-9.56,1.77
6.38,-9.53,1.81
6.34,-9.45,1.89
6.27,-9.34,2.04
6.21,-9.28,2.16
6.07,-9.18,2.42
5.90,-9.12,2.72
5.78,-9.10,2.94
5.60,-9.08,3.36
5.49,-8.99,3.84
5.43,-8.90,4.14
5.30,-8.78,4.63
5.13,-8.69,5.09
5.01,-8.67,5.39
4.80,-8.74,5.84
4.57,-8.88,6.26
4.36,-9.06,6.68
4.22,-9.20,6.88
4.02,-9.45,7.17
3.84,-9.67,7.25
3.67,-9.79,7.19
3.43,-9.99,6.95
3.20,-10.18,6.43
3.06,-10.30,5.96
2.88,-10.42,5.07
2.69,-10.45,3.99
2.58,-10.45,3.22
2.50,-10.38,1.98
2.49,-10.19,0.72
2.44,-9.96,-0.49
2.39,-9.79,-1.24
2.29,-9.57,-2.26
2.18,-9.38,-3.09
2.08,-9.27,-3.56
1.96,-9.10,-4.13
1.84,-8.93,-4.49
1.78,-8.77,-4.64
1.67,-8.41,-4.70
1.48,-8.03,-4.63
1.35,-7.94,-4.46
1.09,-8.03,-4.07
0.78,-8.05,-3.72
0.43,-7.87,-3.38
0.16,-7.67,-3.21
-0.30,-7.36,-3.00
-0.77,-7.01,-2.94
-1.07,-6.71,-3.01
-1.51,-6.21,-3.28
-1.80,-6.09,-3.70
-1.93,-6.21,-4.03
-2.08,-6.59,-4.64
-2.21,-6.96,-5.39
-2.29,-7.11,-6.03
-2.41,-7.18,-7.11
-2.45,-7.05,-8.20
-2.49,-6.82,-9.35
-2.50,-6.69,-10.00
-2.41,-7.02,-10.79
-2.51,-7.12,-11.46
-2.60,-6.92,-11.83
-2.66,-6.60,-12.37
-2.79,-6.24,-12.65
-2.88,-6.09,-12.72
-3.06,-6.10,-12.81
-3.25,-6.21,-12.76
-3.39,-6.36,-12.68
-3.60,-6.46,-12.48
-3.82,-6.43,-12.25
-4.18,-5.99,-11.86
-4.36,-5.61,-11.70
-4.54,-5.42,-11.35
-4.73,-5.43,-11.08
-4.83,-5.52,-10.92
-4.98,-5.68,-10.87
-5.15,-5.75,-10.96
-5.23,-5.79,-11.11
-5.30,-5.87,-11.44
-5.25,-5.94,-11.76
-5.18,-5.93,-11.91
-5.21,-6.04,-12.04
-5.14,-6.03,-12.25
-5.06,-6.08,-12.45
-5.04,-6.25,-12.62
-4.95,-6.81,-12.86
-4.62,-6.99,-13.08
-4.55,-7.24,-12.99
-4.57,-7.93,-13.09
-4.57,-8.84,-13.27
-4.45,-9.78,-13.59
-4.32,-10.24,-13.71
-4.09,-10.59,-13.67
-3.86,-10.53,-13.40
-3.75,-10.30,-13.07
-3.63,-9.84,-12.41
-3.54,-9.32,-11.59
-3.48,-9.01,-10.96
-3.40,-8.64,-9.97
-3.32,-8.42,-8.94
-3.21,-8.34,-7.96
-3.15,-8.38,-7.39
-3.01,-8.52,-6.66
-2.85,-8.72,-6.05
-2.75,-8.87,-5.72
-2.60,-9.06,-5.37
-2.44,-9.23,-5.20
-2.34,-9.33,-5.19
-2.19,-9.43,-5.26
-2.04,-9.53,-5.46
-1.95,-9.61,-5.63
-1.82,-9.73,-5.91
-1.70,-9.81,-6.16
-1.59,-9.88,-6.36
-1.53,-9.94,-6.47
-1.43,-10.07,-6.59
-1.35,-10.19,-6.64
-1.30,-10.27,-6.63
-1.23,-10.36,-6.63
-1.15,-10.43,-6.65
-1.10,-10.45,-6.69
-1.03,-10.47,-6.75
-0.96,-10.48,-6.83
-0.92,-10.49,-6.91
-0.92,-10.47,-6.97
-0.91,-10.41,-7.03
-0.95,-10.33,-7.03
-0.98,-10.27,-7.02
-1.05,-10.17,-6.93
-1.13,-10.04,-6.84
-1.19,-9.93,-6.76
-1.29,-9.76,-6.66
-1.40,-9.57,-6.56
-1.47,-9.43,-6.52
-1.58,-9.21,-6.46
-1.69,-9.06,-6.41
-1.81,-8.96,-6.29
-1.89,-8.93,-6.23
-1.98,-8.88,-6.11
-2.08,-8.89,-5.98
-2.17,-8.89,-5.92
-2.31,-8.88,-5.85
-2.47,-8.87,-5.85
-2.58,-8.87,-5.87
-2.73,-8.80,-5.95
-2.86,-8.71,-6.07
-2.92,-8.65,-6.17
-3.01,-8.54,-6.30
-3.06,-8.44,-6.39
-3.09,-8.36,-6.46
-3.11,-8.32,-6.48
-3.13,-8.27,-6.49
-3.14,-8.23,-6.45
-3.16,-8.22,-6.40
-3.23,-8.20,-6.31
-3.30,-8.17,-6.16
-3.35,-8.14,-6.04
-3.38,-8.08,-5.88
-3.39,-7.99,-5.74
-3.37,-7.91,-5.66
-3.34,-7.76,-5.57
-3.30,-7.64,-5.47
-3.23,-7.53,-5.41
-3.19,-7.48,-5.37
-3.13,-7.43,-5.33
-3.06,-7.45,-5.30
-3.00,-7.47,-5.28
-2.94,-7.54,-5.28
-3.00,-7.63,-5.34
-3.12,-7.69,-5.44
-3.36,-7.70,-5.69
-3.64,-7.59,-6.08
-3.81,-7.46,-6.39
-3.99,-7.18,-6.90
-4.08,-6.90,-7.41
-4.18,-6.51,-7.94
-4.23,-6.26,-8.29
-4.31,-5.91,-8.81
-4.36,-5.69,-9.30
-4.37,-5.58,-9.61
-4.35,-5.40,-10.05
-4.27,-5.21,-10.44
-4.18,-5.08,-10.68
-4.00,-4.91,-10.84
-3.72,-4.79,-10.77
-3.38,-4.80,-10.46
-3.11,-4.88,-10.11
-2.65,-5.13,-9.50
-2.20,-5.54,-8.83
-1.90,-5.88,-8.39
-1.43,-6.48,-7.78
-0.95,-7.04,-7.32
-0.60,-7.35,-7.13
-0.05,-7.70,-6.97
0.47,-7.98,-6.90
0.83,-8.13,-6.87
1.30,-8.20,-6.89
1.69,-8.14,-6.96
2.01,-8.17,-6.91
2.18,-8.26,-6.75
2.38,-8.49,-6.27
2.52,-8.64,-5.53
2.60,-8.61,-4.93
2.70,-8.33,-3.93
2.78,-7.81,-2.86
2.85,-7.42,-2.16
2.90,-6.73,-1.13
2.91,-6.12,-0.18
2.89,-5.80,0.37
2.88,-5.39,1.10
2.90,-5.01,1.68
2.99,-4.63,2.16
3.10,-4.37,2.46
3.21,-3.69,2.87
3.45,-3.20,3.38
4.15,-4.30,3.85
4.92,-5.71,4.37
5.57,-5.98,4.48
6.20,-6.09,4.28
7.07,-6.36,3.71
7.87,-7.13,3.19
8.40,-7.74,2.76
9.22,-8.69,1.89
10.05,-9.57,0.84
10.90,-10.40,-0.44
11.41,-10.91,-1.29
12.08,-11.65,-2.51
12.60,-12.30,-3.52
12.86,-12.61,-4.08
13.10,-12.76,-4.85
13.20,-12.72,-5.45
13.18,-12.63,-5.72
13.08,-12.53,-5.94
12.92,-12.35,-5.97
12.73,-12.08,-5.89
12.58,-11.91,-5.76
12.26,-11.58,-5.53
11.86,-11.05,-5.33
11.56,-10.64,-5.17
11.07,-10.06,-4.81
10.55,-9.54,-4.36
10.17,-9.20,-4.09
9.58,-8.68,-3.73
9.01,-8.17,-3.37
8.43,-7.64,-2.98
8.08,-7.29,-2.68
7.62,-6.75,-2.14
7.28,-6.26,-1.49
7.08,-5.93,-1.00
6.90,-5.53,-0.27
6.83,-5.26,0.37
6.82,-5.17,0.76
6.87,-5.14,1.18
6.97,-5.22,1.37
7.05,-5.32,1.37
7.18,-5.51,1.22
7.31,-5.78,0.93
7.42,-5.99,0.67
7.59,-6.33,0.18
7.73,-6.68,-0.43
7.84,-7.02,-1.07
7.89,-7.23,-1.48
7.94,-7.49,-2.10
7.92,-7.71,-2.66
7.90,-7.85,-2.98
7.82,-8.04,-3.45
7.74,-8.20,-3.93
7.65,-8.27,-4.23
7.48,-8.36,-4.64
7.29,-8.40,-5.04
7.16,-8.42,-5.26
6.95,-8.41,-5.50
6.70,-8.32,-5.67
6.43,-8.19,-5.78
6.23,-8.09,-5.81
5.93,-7.93,-5.81
5.63,-7.80,-5.80
5.45,-7.71,-5.82
5.21,-7.59,-5.85
5.01,-7.50,-5.84
4.90,-7.47,-5.83
4.78,-7.45,-5.80
4.70,-7.46,-5.76
4.68,-7.50,-5.71
4.64,-7.60,-5.61
4.63,-7.70,-5.50
4.63,-7.79,-5.41
4.63,-7.86,-5.35
4.64,-7.95,-5.24
4.64,-8.04,-5.16
4.66,-8.06,-5.15
4.67,-8.09,-5.17
4.69,-8.10,-5.21
4.69,-8.13,-5.23
4.67,-8.18,-5.25
4.64,-8.22,-5.24
4.61,-8.28,-5.25
4.60,-8.29,-5.27
4.59,-8.28,-5.27
4.58,-8.25,-5.28
4.58,-8.24,-5.27
4.57,-8.23,-5.26
4.55,-8.23,-5.23
4.54,-8.20,-5.20
4.53,-8.16,-5.15
4.51,-8.13,-5.11
4.48,-8.10,-5.08
4.43,-8.06,-5.04
4.34,-8.01,-5.04
4.26,-7.95,-5.05
4.22,-7.90,-5.05
4.17,-7.83,-5.08
4.13,-7.76,-5.09
4.12,-7.72,-5.10
4.13,-7.69,-5.10
4.15,-7.71,-5.07
4.17,-7.73,-5.04
4.19,-7.79,-4.95
4.22,-7.81,-4.88
4.25,-7.84,-4.83
4.31,-7.87,-4.70
4.36,-7.92,-4.56
4.39,-7.98,-4.43
4.40,-8.03,-4.36
4.40,-8.06,-4.27
4.41,-8.07,-4.25
4.43,-8.05,-4.22
4.46,-7.99,-4.19
4.48,-7.94,-4.17
4.48,-7.91,-4.15
4.46,-7.84,-4.14
4.44,-7.74,-4.13
4.41,-7.68,-4.10
4.39,-7.59,-4.05
4.35,-7.50,-3.98
4.33,-7.40,-3.93
4.31,-7.35,-3.89
4.30,-7.27,-3.83
4.32,-7.27,-3.82
4.34,-7.29,-3.82
4.36,-7.34,-3.87
4.37,-7.42,-3.95
4.36,-7.49,-4.03
4.35,-7.63,-4.19
4.39,-7.75,-4.38
4.43,-7.83,-4.49
4.48,-7.89,-4.65
4.50,-7.93,-4.81
4.49,-7.98,-4.91
4.46,-8.00,-4.95
4.42,-8.00,-4.99
4.37,-8.00,-5.02
4.34,-7.98,-5.03
4.28,-7.95,-5.04
4.24,-7.88,-5.09
4.20,-7.85,-5.12
4.15,-7.82,-5.14
4.11,-7.79,-5.14
4.09,-7.77,-5.13
4.10,-7.77,-5.11
4.16,-7.79,-5.12
4.30,-7.90,-5.16
4.40,-7.99,-5.18
4.54,-8.15,-5.24
4.64,-8.31,-5.27
4.69,-8.40,-5.31
4.72,-8.48,-5.40
4.75,-8.51,-5.48
4.77,-8.49,-5.53
4.83,-8.42,-5.55
4.90,-8.31,-5.45
4.92,-8.22,-5.33
4.88,-8.09,-5.05
4.78,-7.99,-4.67
4.64,-7.94,-4.32
4.56,-7.90,-4.10
4.47,-7.81,-3.77
4.40,-7.69,-3.52
4.34,-7.61,-3.37
4.22,-7.55,-3.25
4.13,-7.53,-3.17
4.09,-7.54,-3.18
4.07,-7.62,-3.36
4.16,-7.65,-3.58
4.25,-7.64,-3.80
4.39,-7.57,-4.08
4.49,-7.56,-4.36
4.53,-7.60,-4.58
4.54,-7.65,-4.70
4.55,-7.72,-4.82
4.56,-7.83,-4.84
4.59,-7.93,-4.82
4.64,-8.05,-4.75
4.71,-8.12,-4.70
4.75,-8.10,-4.59
4.76,-8.12,-4.42
4.72,-8.14,-4.35
4.65,-8.01,-4.27
4.57,-7.92,-4.27
4.43,-7.77,-4.34
4.26,-7.69,-4.47
4.16,-7.64,-4.63
4.06,-7.58,-4.86
4.01,-7.54,-5.12
3.98,-7.54,-5.29
3.99,-7.57,-5.49
4.04,-7.68,-5.62
4.08,-7.76,-5.68
4.17,-7.91,-5.65
4.26,-8.09,-5.54
4.36,-8.28,-5.39
4.42,-8.37,-5.28
4.47,-8.48,-5.12
4.54,-8.47,-4.98
4.58,-8.48,-4.93
4.60,-8.53,-4.94
4.62,-8.52,-4.93
4.64,-8.51,-4.91
4.68,-8.48,-4.95
4.75,-8.41,-5.01
4.78,-8.39,-5.10
4.82,-8.42,-5.26
4.85,-8.42,-5.42
4.89,-8.43,-5.53
4.91,-8.43,-5.60
4.94,-8.45,-5.68
4.97,-8.48,-5.69
4.99,-8.51,-5.67
5.02,-8.59,-5.62
5.04,-8.62,-5.54
5.06,-8.64,-5.49
5.07,-8.64,-5.44
5.07,-8.60,-5.39
5.06,-8.55,-5.38
5.03,-8.48,-5.29
4.95,-8.39,-5.14
4.88,-8.31,-4.93
4.82,-8.26,-4.73
4.73,-8.32,-4.35
4.68,-8.09,-3.90
4.68,-7.86,-3.60











-,-,-
4.09,-8.59,0.46
4.04,-8.48,0.33
4.00,-8.40,0.27
3.95,-8.30,0.20
3.90,-8.21,0.18
3.86,-8.13,0.21
3.83,-8.10,0.25
3.81,-8.10,0.32
3.80,-8.12,0.41
3.79,-8.15,0.46
3.78,-8.23,0.54
3.76,-8.30,0.62
3.77,-8.34,0.67
3.79,-8.42,0.74
3.81,-8.51,0.83
3.83,-8.56,0.87
3.89,-8.59,0.90
3.98,-8.67,0.91
4.06,-8.74,0.93
4.16,-8.89,0.93
4.24,-9.06,0.89
4.29,-9.18,0.87
4.34,-9.32,0.83
4.39,-9.44,0.83
4.42,-9.52,0.84
4.45,-9.55,0.80
4.47,-9.61,0.73
4.48,-9.65,0.63
4.50,-9.69,0.57
4.55,-9.74,0.46
4.60,-9.70,0.38
4.63,-9.65,0.33
4.69,-9.59,0.23
4.71,-9.56,0.11
4.70,-9.54,0.03
4.67,-9.51,-0.04
4.66,-9.48,-0.06
4.65,-9.46,-0.02
4.65,-9.44,0.10
4.67,-9.39,0.33
4.69,-9.33,0.60
4.71,-9.28,0.85
4.74,-9.18,1.23
4.76,-9.11,1.64
4.78,-9.08,1.97
4.87,-9.02,2.50
4.95,-8.99,2.90
4.99,-8.99,3.30
5.03,-9.08,3.79
5.12,-9.20,4.35
5.19,-9.30,4.68
5.34,-9.47,5.21
5.50,-9.70,5.69
5.68,-9.96,6.04
5.80,-10.15,6.19
5.97,-10.46,6.34
6.12,-10.75,6.45
6.22,-10.95,6.45
6.34,-11.22,6.40
6.39,-11.41,6.26
6.42,-11.49,6.09
6.47,-11.51,5.77
6.49,-11.39,5.34
6.50,-11.26,5.01
6.51,-10.99,4.47
6.50,-10.67,3.95
6.51,-10.36,3.50
6.51,-10.15,3.22
6.48,-9.83,2.88
6.41,-9.53,2.64
6.35,-9.36,2.52
6.24,-9.10,2.44
6.11,-8.86,2.45
6.01,-8.70,2.52
5.87,-8.48,2.73
5.69,-8.32,3.04
5.58,-8.23,3.33
5.40,-8.17,3.87
5.20,-8.13,4.48
4.92,-8.16,5.09
4.72,-8.21,5.48
4.42,-8.34,6.00
4.15,-8.45,6.44
3.96,-8.51,6.66
3.70,-8.59,6.95
3.44,-8.67,7.10
3.24,-8.69,7.15
2.89,-8.69,7.07
2.48,-8.68,6.82
2.19,-8.66,6.58
1.72,-8.62,6.13
1.21,-8.57,5.57
0.67,-8.47,4.86
0.32,-8.36,4.32
-0.17,-8.12,3.43
-0.61,-7.81,2.36
-0.89,-7.56,1.58
-1.25,-7.15,0.31
-1.56,-6.84,-0.98
-1.75,-6.80,-1.84
-2.00,-6.86,-3.17
-2.22,-7.02,-4.52
-2.35,-7.10,-5.41
-2.50,-7.17,-6.74
-2.61,-7.18,-8.01
-2.73,-7.15,-9.19
-2.82,-7.09,-9.98
-2.89,-6.87,-11.08
-2.94,-6.85,-12.21
-2.96,-6.96,-12.88
-3.01,-7.14,-13.76
-3.11,-7.20,-14.45
-3.18,-7.17,-14.81
-3.30,-7.15,-15.38
-3.41,-7.07,-15.84
-3.53,-6.99,-16.12
-3.63,-6.95,-16.23
-3.78,-6.83,-16.17
-3.97,-6.62,-15.92
-4.07,-6.45,-15.65
-4.22,-6.19,-15.10
-4.36,-5.94,-14.42
-4.43,-5.80,-13.90
-4.51,-5.68,-13.06
-4.55,-5.64,-12.28
-4.55,-5.65,-11.81
-4.51,-5.72,-11.16
-4.45,-5.84,-10.60
-4.38,-6.06,-10.22
-4.33,-6.25,-10.07
-4.26,-6.53,-9.99
-4.19,-6.83,-10.08
-4.14,-7.04,-10.19
-4.05,-7.31,-10.43
-3.97,-7.54,-10.68
-3.92,-7.70,-10.92
-3.86,-7.87,-11.34
-3.80,-7.98,-11.72
-3.75,-8.08,-12.04
-3.72,-8.15,-12.21
-3.65,-8.26,-12.40
-3.56,-8.32,-12.48
-3.51,-8.33,-12.43
-3.42,-8.35,-12.24
-3.35,-8.38,-11.98
-3.32,-8.39,-11.75
-3.31,-8.40,-11.31
-3.32,-8.41,-10.77
-3.34,-8.36,-10.21
-3.35,-8.34,-9.82
-3.35,-8.33,-9.26
-3.37,-8.35,-8.77
-3.35,-8.37,-8.46
-3.30,-8.44,-8.05
-3.21,-8.55,-7.71
-3.14,-8.66,-7.54
-3.05,-8.89,-7.30
-2.95,-9.18,-7.08
-2.89,-9.36,-6.97
-2.79,-9.62,-6.78
-2.68,-9.86,-6.63
-2.58,-10.08,-6.52
-2.49,-10.16,-6.51
-2.36,-10.18,-6.50
-2.24,-10.16,-6.52
-2.15,-10.13,-6.54
-2.04,-10.14,-6.59
-1.97,-10.19,-6.59
-1.93,-10.24,-6.61
-1.90,-10.32,-6.59
-1.91,-10.41,-6.56
-1.92,-10.47,-6.51
-1.92,-10.49,-6.48
-1.92,-10.46,-6.43
-1.90,-10.38,-6.38
-1.90,-10.30,-6.35
-1.89,-10.18,-6.32
-1.90,-10.03,-6.32
-1.92,-9.95,-6.33
-1.99,-9.82,-6.34
-2.09,-9.72,-6.38
-2.19,-9.64,-6.41
-2.24,-9.60,-6.42
-2.28,-9.53,-6.47
-2.30,-9.47,-6.47
-2.29,-9.44,-6.48
-2.28,-9.39,-6.53
-2.30,-9.32,-6.62
-2.29,-9.28,-6.66
-2.27,-9.24,-6.68
-2.23,-9.22,-6.70
-2.19,-9.17,-6.69
-2.12,-9.04,-6.69
-2.02,-8.96,-6.65
-1.96,-8.96,-6.54
-1.92,-8.95,-6.44
-1.89,-8.90,-6.31
-1.84,-8.79,-6.20
-1.81,-8.72,-6.13
-1.74,-8.65,-6.00
-1.69,-8.61,-5.77
-1.64,-8.58,-5.60
-1.54,-8.53,-5.33
-1.41,-8.46,-5.08
-1.30,-8.37,-4.91
-1.13,-8.24,-4.67
-0.94,-8.10,-4.42
-0.72,-7.98,-4.17
-0.58,-7.91,-4.01
-0.38,-7.84,-3.75
-0.17,-7.75,-3.49
-0.03,-7.70,-3.31
0.17,-7.62,-3.10
0.35,-7.54,-2.87
0.46,-7.50,-2.75
0.61,-7.45,-2.60
0.75,-7.41,-2.48
0.85,-7.39,-2.40
0.97,-7.34,-2.33
1.07,-7.26,-2.31
1.09,-7.21,-2.31
1.10,-7.12,-2.34
1.06,-7.00,-2.47
0.97,-6.85,-2.67
0.90,-6.74,-2.80
0.82,-6.59,-3.03
0.77,-6.39,-3.30
0.74,-6.24,-3.54
0.72,-6.01,-3.92
0.72,-5.76,-4.28
0.72,-5.58,-4.55
0.73,-5.30,-4.93
0.79,-5.02,-5.37
0.84,-4.80,-5.61
0.97,-4.46,-6.00
1.19,-4.07,-6.39
1.37,-3.84,-6.69
1.69,-3.55,-7.10
2.02,-3.42,-7.36
2.39,-3.45,-7.45
2.62,-3.58,-7.39
2.96,-4.04,-7.06
3.26,-4.63,-6.53
3.42,-5.02,-6.14
3.68,-5.53,-5.58
3.93,-5.97,-5.04
4.10,-6.14,-4.74
4.37,-6.11,-4.47
4.76,-5.97,-4.32
5.24,-6.11,-4.15
5.57,-6.46,-3.98
6.07,-7.27,-3.70
6.58,-8.09,-3.48
6.93,-8.53,-3.39
7.47,-8.90,-3.35
8.02,-9.02,-3.40
8.38,-9.13,-3.42
8.88,-9.51,-3.36
9.31,-10.05,-3.28
9.55,-10.31,-3.29
9.90,-10.73,-3.35
10.14,-10.94,-3.49
10.33,-10.95,-3.68
10.42,-10.92,-3.79
10.47,-10.81,-3.91
10.49,-10.75,-3.98
10.48,-10.71,-4.00
10.45,-10.58,-4.04
10.40,-10.41,-4.15
10.36,-10.31,-4.23
10.30,-10.22,-4.38
10.24,-10.17,-4.61
10.14,-10.07,-4.91
10.09,-10.01,-5.10
10.01,-10.01,-5.32
9.96,-10.05,-5.49
9.93,-10.11,-5.55
9.84,-10.21,-5.60
9.75,-10.27,-5.57
9.66,-10.28,-5.56
9.51,-10.28,-5.50
9.34,-10.24,-5.44
9.14,-10.14,-5.38
8.99,-10.03,-5.33
8.73,-9.82,-5.20
8.44,-9.57,-5.01
8.26,-9.39,-4.89
8.00,-9.19,-4.65
7.71,-9.04,-4.39
7.51,-8.94,-4.20
7.22,-8.76,-3.89
6.97,-8.55,-3.59
6.78,-8.42,-3.26
6.62,-8.27,-2.98
6.32,-7.86,-2.51
6.02,-7.36,-2.07
5.82,-7.08,-1.75
5.53,-6.79,-1.29
5.27,-6.62,-0.85
5.10,-6.54,-0.59
4.91,-6.44,-0.34
4.76,-6.37,-0.31
4.68,-6.34,-0.43
4.59,-6.36,-0.78
4.54,-6.43,-1.30
4.54,-6.51,-1.72
4.56,-6.72,-2.38
4.59,-7.03,-3.10
4.67,-7.33,-3.81
4.72,-7.51,-4.32
4.79,-7.74,-5.05
4.83,-7.97,-5.73
4.84,-8.09,-6.13
4.80,-8.24,-6.61
4.75,-8.36,-6.96
4.70,-8.43,-7.11
4.63,-8.50,-7.25
4.50,-8.51,-7.25
4.42,-8.51,-7.20
4.29,-8.48,-7.07
4.14,-8.43,-6.85
3.97,-8.33,-6.61
3.88,-8.24,-6.43
3.73,-8.13,-6.12
3.60,-8.02,-5.86
3.53,-7.94,-5.69
3.45,-7.83,-5.45
3.39,-7.74,-5.27
3.39,-7.70,-5.17
3.45,-7.71,-5.07
3.50,-7.77,-5.03
3.51,-7.83,-5.04
3.48,-7.90,-5.13
3.45,-7.92,-5.30
3.41,-7.90,-5.48
3.38,-7.88,-5.59
3.38,-7.89,-5.67
3.37,-7.91,-5.73
3.37,-7.94,-5.74
3.39,-7.96,-5.72
3.43,-8.00,-5.67
3.46,-8.03,-5.63
3.52,-8.03,-5.54
3.60,-8.10,-5.41
3.64,-8.19,-5.30
3.67,-8.31,-5.18
3.72,-8.43,-5.14
3.79,-8.64,-5.16
3.86,-8.72,-5.17
3.98,-8.98,-5.34
4.08,-9.01,-5.43
4.14,-8.89,-5.48
4.17,-8.78,-5.54
4.14,-8.63,-5.45
4.08,-8.59,-5.41
3.98,-8.45,-5.26
3.86,-8.35,-5.10
3.74,-8.35,-5.05
3.70,-8.22,-4.90
3.66,-7.98,-4.69
3.70,-7.63,-4.27
3.71,-7.43,-4.05
3.73,-7.37,-3.89
3.74,-7.52,-3.83
3.78,-7.70,-3.88











-,-,-
5.96,-7.78,4.24
6.06,-7.75,4.64
6.10,-7.74,4.83
6.15,-7.75,5.21
6.19,-7.88,5.45
6.25,-8.06,5.81
6.31,-8.18,6.02
6.34,-8.45,6.20
6.33,-8.68,6.51
6.30,-8.83,6.65
6.22,-9.00,6.84
6.10,-9.11,6.97
6.01,-9.12,7.02
5.90,-9.02,6.97
5.77,-8.82,6.85
5.69,-8.66,6.74
5.55,-8.36,6.46
5.39,-8.04,6.12
5.23,-7.68,5.69
5.11,-7.44,5.37
4.92,-7.11,4.89
4.73,-6.82,4.48
4.60,-6.62,4.25
4.39,-6.34,3.95
4.19,-6.09,3.73
4.10,-5.99,3.66
4.01,-5.84,3.59
3.96,-5.65,3.67
3.96,-5.50,3.85
3.99,-5.46,4.02
4.06,-5.52,4.36
4.17,-5.71,4.71
4.26,-5.88,4.87
4.41,-6.18,5.13
4.57,-6.59,5.37
4.70,-6.89,5.45
4.89,-7.28,5.48
5.07,-7.69,5.46
5.16,-7.98,5.38
5.28,-8.34,5.17
5.38,-8.66,4.86
5.47,-8.87,4.38
5.51,-8.98,4.04
5.58,-9.08,3.46
5.62,-8.98,2.84
5.61,-8.88,2.50
5.57,-8.74,2.04
5.47,-8.64,1.63
5.38,-8.58,1.37
5.23,-8.50,1.02
5.10,-8.42,0.82
5.04,-8.35,0.76
4.97,-8.25,0.83
4.95,-8.16,1.02
4.93,-8.10,1.35
4.93,-8.09,1.63
4.93,-8.09,2.12
4.93,-8.23,2.60
4.93,-8.37,2.94
4.88,-8.65,3.41
4.73,-9.02,3.84
4.57,-9.34,4.12
4.29,-9.90,4.54
4.00,-10.50,4.93
3.81,-10.88,5.16
3.52,-11.39,5.39
3.26,-11.82,5.48
3.03,-12.12,5.39
2.89,-12.22,5.16
2.68,-12.18,4.59
2.45,-12.02,3.86
2.26,-11.87,3.27
1.98,-11.60,2.26
1.70,-11.26,1.17
1.52,-10.99,0.41
1.27,-10.57,-0.70
1.02,-10.17,-1.78
0.77,-9.83,-2.76
0.60,-9.63,-3.35
0.34,-9.35,-4.15
0.07,-9.17,-4.90
-0.13,-9.09,-5.34
-0.44,-8.99,-5.87
-0.77,-8.76,-6.38
-1.00,-8.55,-6.68
-1.32,-8.23,-7.08
-1.57,-8.00,-7.36
-1.75,-7.95,-7.45
-1.99,-7.71,-7.75
-2.15,-7.25,-8.14
-2.25,-7.11,-8.33
-2.40,-7.25,-8.50
-2.49,-7.49,-8.87
-2.55,-7.43,-9.47
-2.61,-7.12,-9.98
-2.71,-6.35,-10.75
-2.72,-6.13,-11.28
-2.72,-6.38,-11.48
-2.75,-6.95,-11.81
-2.76,-7.24,-12.34
-2.77,-7.24,-12.77
-2.77,-7.03,-13.36
-2.75,-6.71,-13.75
-2.74,-6.50,-14.03
-2.75,-6.37,-14.19
-2.72,-6.41,-14.35
-2.72,-6.63,-14.30
-2.82,-6.76,-14.16
-3.07,-6.59,-13.91
-3.38,-5.74,-13.75
-3.53,-4.79,-13.70
-3.47,-4.38,-13.27
-3.49,-4.59,-12.57
-3.58,-5.10,-11.97
-3.66,-5.37,-11.60
-3.74,-5.45,-11.19
-3.72,-5.35,-10.86
-3.68,-5.30,-10.67
-3.58,-5.32,-10.47
-3.48,-5.47,-10.39
-3.40,-5.61,-10.40
-3.26,-5.90,-10.54
-3.11,-6.24,-10.68
-2.94,-6.60,-10.81
-2.82,-6.85,-10.91
-2.63,-7.21,-11.05
-2.42,-7.50,-11.16
-2.29,-7.66,-11.21
-2.08,-7.87,-11.27
-1.88,-8.04,-11.31
-1.74,-8.12,-11.29
-1.53,-8.21,-11.21
-1.36,-8.30,-11.03
-1.26,-8.38,-10.86
-1.12,-8.50,-10.54
-1.00,-8.62,-10.18
-0.94,-8.74,-9.78
-0.90,-8.81,-9.51
-0.81,-8.90,-9.10
-0.76,-8.95,-8.72
-0.73,-8.97,-8.46
-0.70,-9.00,-8.09
-0.68,-9.02,-7.77
-0.66,-9.02,-7.58
-0.63,-9.04,-7.31
-0.60,-9.05,-7.14
-0.59,-9.04,-7.04
-0.54,-9.04,-6.96
-0.51,-9.08,-6.88
-0.49,-9.15,-6.80
-0.47,-9.23,-6.69
-0.45,-9.33,-6.60
-0.44,-9.40,-6.52
-0.45,-9.45,-6.50
-0.45,-9.50,-6.48
-0.42,-9.51,-6.51
-0.40,-9.51,-6.55
-0.37,-9.49,-6.66
-0.34,-9.46,-6.77
-0.32,-9.44,-6.86
-0.30,-9.40,-6.97
-0.28,-9.34,-7.05
-0.27,-9.31,-7.08
-0.28,-9.28,-7.07
-0.30,-9.23,-7.01
-0.33,-9.21,-6.94
-0.38,-9.19,-6.80
-0.43,-9.14,-6.63
-0.46,-9.08,-6.48
-0.47,-9.07,-6.34
-0.50,-9.04,-6.19
-0.52,-9.01,-6.04
-0.53,-8.99,-5.95
-0.53,-8.97,-5.81
-0.55,-8.98,-5.69
-0.56,-8.99,-5.61
-0.57,-8.96,-5.52
-0.60,-8.93,-5.48
-0.62,-8.89,-5.44
-0.64,-8.83,-5.42
-0.69,-8.74,-5.42
-0.73,-8.66,-5.42
-0.78,-8.55,-5.43
-0.85,-8.44,-5.44
-0.94,-8.33,-5.47
-1.01,-8.23,-5.51
-1.13,-8.07,-5.59
-1.26,-7.88,-5.70
-1.33,-7.76,-5.76
-1.42,-7.58,-5.85
-1.45,-7.43,-5.91
-1.44,-7.36,-5.94
-1.37,-7.30,-5.91
-1.26,-7.32,-5.82
-1.18,-7.39,-5.72
-1.05,-7.54,-5.54
-0.92,-7.75,-5.34
-0.79,-8.00,-5.20
-0.69,-8.18,-5.09
-0.56,-8.41,-4.94
-0.43,-8.61,-4.86
-0.32,-8.70,-4.83
-0.15,-8.76,-4.82
0.03,-8.77,-4.84
0.17,-8.74,-4.87
0.39,-8.66,-4.92
0.60,-8.57,-4.96
0.74,-8.49,-4.96
0.94,-8.42,-4.92
1.12,-8.34,-4.85
1.24,-8.29,-4.77
1.36,-8.22,-4.62
1.43,-8.13,-4.44
1.45,-8.06,-4.23
1.44,-8.02,-4.06
1.41,-7.92,-3.76
1.37,-7.80,-3.47
1.34,-7.68,-3.29
1.24,-7.45,-3.06
1.04,-7.14,-2.96
0.86,-6.92,-2.95
0.52,-6.57,-3.09
0.13,-6.23,-3.36
-0.13,-6.00,-3.61
-0.51,-5.64,-4.12
-0.79,-5.28,-4.79
-0.92,-5.08,-5.32
-1.00,-4.83,-6.16
-0.95,-4.65,-7.09
-0.75,-4.54,-8.06
-0.55,-4.54,-8.69
-0.15,-4.65,-9.59
0.32,-4.89,-10.45
0.65,-5.15,-10.96
1.16,-5.60,-11.55
1.64,-6.10,-12.02
1.96,-6.43,-12.26
2.40,-6.90,-12.51
2.78,-7.28,-12.61
3.01,-7.47,-12.59
3.29,-7.66,-12.43
3.50,-7.77,-12.10
3.63,-7.74,-11.64
3.71,-7.63,-11.26
3.83,-7.41,-10.63
3.95,-7.28,-9.91
4.01,-7.25,-9.42
4.09,-7.32,-8.71
4.16,-7.40,-8.07
4.21,-7.43,-7.70
4.27,-7.51,-7.22
4.34,-7.64,-6.80
4.47,-7.77,-6.39
4.57,-7.83,-6.11
4.78,-7.82,-5.71
5.05,-7.74,-5.29
5.25,-7.59,-5.00
5.57,-7.36,-4.51
5.89,-7.30,-4.02
6.11,-7.37,-3.68
6.42,-7.61,-3.17
6.75,-7.93,-2.71
6.96,-8.12,-2.42
7.28,-8.35,-2.04
7.61,-8.52,-1.75
7.91,-8.63,-1.53
8.11,-8.68,-1.40
8.40,-8.76,-1.28
8.66,-8.79,-1.20
8.82,-8.82,-1.18
9.02,-8.84,-1.18
9.19,-8.89,-1.19
9.29,-8.92,-1.22
9.39,-8.90,-1.27
9.49,-8.83,-1.35
9.53,-8.76,-1.40
9.59,-8.65,-1.48
9.61,-8.56,-1.53
9.59,-8.53,-1.57
9.58,-8.51,-1.61
9.54,-8.50,-1.65
9.49,-8.47,-1.72
9.46,-8.45,-1.76
9.39,-8.39,-1.86
9.33,-8.30,-1.98
9.26,-8.24,-2.07
9.14,-8.17,-2.24
9.01,-8.09,-2.40
8.92,-8.03,-2.49
8.77,-7.95,-2.64
8.61,-7.85,-2.71
8.44,-7.72,-2.77
8.30,-7.63,-2.79
8.07,-7.48,-2.78
7.83,-7.32,-2.80
7.67,-7.22,-2.80
7.43,-7.10,-2.83
7.20,-6.99,-2.85
7.05,-6.93,-2.87
6.84,-6.87,-2.90
6.63,-6.83,-2.91
6.51,-6.81,-2.91
6.34,-6.79,-2.94
6.22,-6.79,-2.97
6.14,-6.79,-3.03
6.11,-6.81,-3.07
6.10,-6.86,-3.16
6.09,-6.96,-3.27
6.08,-7.05,-3.34
6.05,-7.23,-3.50
6.04,-7.42,-3.63
6.03,-7.54,-3.73
6.01,-7.72,-3.87
5.97,-7.83,-4.03
5.93,-7.88,-4.16
5.82,-7.89,-4.41
5.67,-7.84,-4.67
5.57,-7.71,-4.93
5.49,-7.61,-5.13
5.40,-7.46,-5.36
5.32,-7.32,-5.57
5.26,-7.27,-5.72
5.20,-7.26,-5.88
5.13,-7.28,-6.03
5.08,-7.32,-6.09
5.04,-7.39,-6.13
4.99,-7.46,-6.11
4.95,-7.49,-6.07
4.90,-7.50,-6.02
4.87,-7.50,-5.93
4.88,-7.46,-5.83
4.89,-7.42,-5.76
4.89,-7.37,-5.65
4.86,-7.29,-5.50
4.84,-7.26,-5.39
4.81,-7.23,-5.24
4.81,-7.23,-5.08
4.79,-7.21,-4.97
4.77,-7.15,-4.82
4.74,-7.12,-4.68
4.72,-7.10,-4.54
4.73,-7.11,-4.47
4.74,-7.16,-4.36
4.77,-7.24,-4.36
4.81,-7.31,-4.38
4.84,-7.43,-4.44
4.86,-7.52,-4.54
4.87,-7.58,-4.62
4.88,-7.66,-4.73
4.92,-7.71,-4.82
4.93,-7.76,-4.87
4.94,-7.81,-4.90
4.95,-7.81,-4.92
4.95,-7.78,-4.96
4.95,-7.76,-4.97
4.96,-7.72,-4.96
4.96,-7.73,-4.94
4.97,-7.76,-4.92
4.99,-7.82,-4.93
5.03,-7.87,-4.90
5.06,-7.90,-4.90
5.12,-7.93,-4.92
5.17,-7.93,-4.95
5.21,-7.90,-4.95
5.24,-7.87,-4.91
5.26,-7.86,-4.83
5.28,-7.87,-4.72
5.29,-7.87,-4.60
5.30,-7.87,-4.47
5.30,-7.86,-4.33
5.32,-7.85,-4.23
5.33,-7.84,-4.12
5.35,-7.86,-4.07
5.37,-7.87,-4.06
5.40,-7.89,-4.06
5.39,-7.92,-4.08
5.38,-7.95,-4.07
5.32,-7.96,-4.03
5.25,-7.95,-3.94
5.18,-7.89,-3.88
5.14,-7.80,-3.84
5.09,-7.66,-3.81
5.03,-7.58,-3.82
5.00,-7.57,-3.86
4.99,-7.58,-3.94
4.97,-7.61,-4.01
4.98,-7.64,-4.06
4.97,-7.66,-4.15
4.98,-7.68,-4.25
4.99,-7.70,-4.34
4.96,-7.72,-4.41
4.92,-7.70,-4.50
4.90,-7.66,-4.57
4.87,-7.64,-4.64
4.83,-7.58,-4.74
4.80,-7.56,-4.85
4.77,-7.53,-4.91
4.75,-7.49,-4.98
4.74,-7.44,-5.03
4.74,-7.42,-5.03
4.75,-7.42,-4.99
4.75,-7.44,-4.85
4.77,-7.44,-4.65
4.79,-7.45,-4.51
4.83,-7.46,-4.32
4.84,-7.47,-4.17
4.85,-7.48,-4.08
4.88,-7.52,-3.99
4.92,-7.56,-3.93
4.96,-7.59,-3.89
5.04,-7.63,-3.94
5.11,-7.68,-4.07
5.17,-7.73,-4.15
5.25,-7.80,-4.30
5.31,-7.89,-4.44
5.37,-7.98,-4.53
5.39,-8.02,-4.60
5.44,-8.07,-4.66
5.49,-8.11,-4.64
5.50,-8.13,-4.63
5.49,-8.18,-4.62
5.46,-8.22,-4.53
5.47,-8.24,-4.48
5.45,-8.23,-4.44
5.41,-8.19,-4.42
5.37,-8.17,-4.44
5.32,-8.12,-4.50
5.25,-8.04,-4.57
5.19,-7.92,-4.61
5.15,-7.82,-4.63
5.11,-7.70,-4.60
5.08,-7.62,-4.51










-,-,-
4.59,-8.13,3.89
4.63,-8.25,3.88
4.64,-8.33,3.88
4.68,-8.45,3.88
4.75,-8.58,3.88
4.82,-8.67,3.88
4.85,-8.71,3.92
4.85,-8.75,3.98
4.83,-8.77,4.02
4.81,-8.79,4.07
4.80,-8.83,4.14
4.78,-8.82,4.21
4.76,-8.78,4.27
4.73,-8.68,4.37
4.68,-8.54,4.45
4.66,-8.44,4.47
4.63,-8.33,4.50
4.62,-8.25,4.55
4.63,-8.16,4.64
4.64,-8.11,4.67
4.65,-8.06,4.76
4.68,-8.02,4.89
4.70,-8.00,4.98
4.74,-7.99,5.13
4.78,-7.99,5.31
4.80,-7.99,5.44
4.82,-7.99,5.62
4.83,-8.00,5.86
4.84,-8.03,6.09
4.84,-8.05,6.25
4.85,-8.09,6.44
4.87,-8.13,6.60
4.86,-8.16,6.69
4.83,-8.24,6.81
4.80,-8.32,6.85
4.77,-8.39,6.87
4.73,-8.50,6.83
4.68,-8.59,6.70
4.65,-8.64,6.58
4.62,-8.69,6.39
4.57,-8.72,6.15
4.54,-8.77,5.89
4.53,-8.80,5.69
4.52,-8.87,5.39
4.50,-8.93,5.08
4.47,-8.95,4.87
4.42,-8.95,4.51
4.36,-8.93,4.14
4.30,-8.90,3.89
4.20,-8.84,3.53
4.11,-8.79,3.23
4.03,-8.78,3.08
3.92,-8.78,2.91
3.83,-8.79,2.81
3.74,-8.77,2.73
3.68,-8.76,2.69
3.59,-8.72,2.64
3.51,-8.68,2.55
3.47,-8.66,2.48
3.44,-8.61,2.40
3.39,-8.60,2.31
3.36,-8.60,2.27
3.33,-8.63,2.21
3.28,-8.67,2.15
3.23,-8.71,2.10
3.11,-8.79,2.01
2.96,-8.88,1.91
2.78,-9.00,1.80
2.66,-9.06,1.70
2.44,-9.12,1.51
2.22,-9.14,1.22
2.08,-9.11,1.00
1.86,-9.06,0.55
1.62,-9.00,0.03
1.46,-8.97,-0.36
1.21,-8.86,-1.09
0.98,-8.71,-1.85
0.84,-8.70,-2.32
0.63,-8.73,-3.02
0.41,-8.64,-3.82
0.22,-8.34,-4.72
0.12,-8.11,-5.36
-0.00,-7.86,-6.22
-0.09,-7.77,-6.88
-0.18,-7.64,-7.28
-0.37,-7.27,-7.81
-0.51,-6.97,-8.25
-0.59,-6.82,-8.45
-0.74,-6.62,-8.63
-0.83,-6.66,-8.53
-0.89,-6.79,-8.33
-0.98,-6.93,-8.04
-1.04,-6.85,-7.72
-1.08,-6.73,-7.49
-1.15,-6.51,-7.17
-1.27,-6.33,-6.85
-1.47,-6.29,-6.56
-1.62,-6.33,-6.43
-1.86,-6.43,-6.34
-2.10,-6.54,-6.43
-2.26,-6.59,-6.59
-2.45,-6.60,-6.94
-2.61,-6.57,-7.41
-2.70,-6.56,-7.80
-2.80,-6.51,-8.41
-2.91,-6.41,-9.11
-2.97,-6.32,-9.56
-3.03,-6.28,-10.12
-3.02,-6.23,-10.57
-3.04,-6.27,-11.04
-3.05,-6.27,-11.23
-3.06,-6.26,-11.42
-3.03,-6.21,-11.46
-3.00,-6.22,-11.45
-2.99,-6.20,-11.29
-3.04,-6.30,-11.16
-3.10,-6.40,-11.03
-3.14,-6.45,-10.81
-3.25,-6.63,-10.66
-3.38,-6.85,-10.52
-3.47,-7.05,-10.54
-3.51,-7.13,-10.45
-3.52,-7.10,-10.47
-3.51,-6.96,-10.47
-3.53,-6.74,-10.43
-3.63,-6.68,-10.48
-3.64,-6.56,-10.46
-3.68,-6.51,-10.50
-3.71,-6.57,-10.51
-3.76,-6.83,-10.55
-3.78,-7.09,-10.54
-3.76,-7.53,-10.60
-3.70,-8.00,-10.70
-3.62,-8.26,-10.71
-3.52,-8.60,-10.82
-3.41,-8.80,-10.92
-3.31,-8.86,-11.05
-3.17,-8.82,-11.21
-3.02,-8.72,-11.31
-2.92,-8.64,-11.31
-2.85,-8.60,-11.28
-2.76,-8.58,-11.17
-2.68,-8.60,-11.00
-2.63,-8.62,-10.90
-2.53,-8.68,-10.66
-2.43,-8.74,-10.40
-2.38,-8.79,-10.19
-2.29,-8.84,-9.87
-2.21,-8.91,-9.55
-2.16,-8.95,-9.32
-2.08,-9.01,-8.99
-2.02,-9.04,-8.66
-1.98,-9.05,-8.36
-1.97,-9.06,-8.16
-1.93,-9.07,-7.91
-1.89,-9.08,-7.66
-1.85,-9.11,-7.52
-1.79,-9.16,-7.33
-1.71,-9.22,-7.17
-1.64,-9.28,-7.09
-1.55,-9.36,-6.99
-1.45,-9.44,-6.93
-1.40,-9.47,-6.91
-1.31,-9.51,-6.92
-1.24,-9.53,-6.94
-1.18,-9.51,-6.98
-1.16,-9.48,-6.99
-1.10,-9.43,-7.02
-1.06,-9.39,-7.05
-1.04,-9.38,-7.05
-1.00,-9.38,-7.04
-0.97,-9.37,-6.99
-0.96,-9.38,-6.96
-0.97,-9.37,-6.89
-1.01,-9.34,-6.79
-1.05,-9.32,-6.73
-1.13,-9.25,-6.62
-1.22,-9.16,-6.51
-1.31,-9.05,-6.39
-1.38,-8.96,-6.34
-1.47,-8.80,-6.24
-1.55,-8.63,-6.16
-1.60,-8.51,-6.13
-1.66,-8.35,-6.08
-1.72,-8.20,-6.08
-1.75,-8.10,-6.08
-1.79,-8.00,-6.08
-1.81,-7.93,-6.07
-1.81,-7.89,-6.10
-1.80,-7.88,-6.10
-1.75,-7.88,-6.06
-1.70,-7.92,-6.04
-1.65,-7.96,-6.01
-1.58,-8.02,-5.98
-1.50,-8.09,-5.92
-1.45,-8.15,-5.87
-1.38,-8.23,-5.81
-1.32,-8.32,-5.73
-1.28,-8.37,-5.68
-1.23,-8.45,-5.63
-1.17,-8.52,-5.59
-1.13,-8.58,-5.51
-1.08,-8.62,-5.45
-1.02,-8.70,-5.37
-0.96,-8.75,-5.26
-0.92,-8.78,-5.20
-0.87,-8.80,-5.09
-0.83,-8.80,-4.98
-0.81,-8.81,-4.90
-0.76,-8.85,-4.77
-0.73,-8.87,-4.65
-0.73,-8.86,-4.59
-0.74,-8.84,-4.49
-0.80,-8.79,-4.48
-0.87,-8.74,-4.48
-1.01,-8.64,-4.49
-1.17,-8.48,-4.57
-1.35,-8.27,-4.78
-1.48,-8.10,-4.96
-1.68,-7.79,-5.30
-1.91,-7.47,-5.71
-2.05,-7.25,-5.98
-2.26,-6.97,-6.40
-2.39,-6.67,-6.76
-2.44,-6.45,-6.94
-2.49,-6.16,-7.18
-2.49,-5.89,-7.33
-2.46,-5.76,-7.38
-2.39,-5.64,-7.37
-2.29,-5.60,-7.24
-2.21,-5.70,-7.03
-2.13,-5.80,-6.80
-1.96,-6.03,-6.33
-1.76,-6.14,-5.81
-1.62,-6.16,-5.51
-1.40,-6.23,-5.16
-1.12,-6.29,-4.65
-0.91,-6.27,-4.30
-0.60,-6.20,-3.84
-0.30,-6.12,-3.39
-0.12,-6.08,-3.13
0.09,-6.09,-2.90
0.25,-6.11,-2.66
0.35,-6.18,-2.59
0.40,-6.27,-2.59
0.41,-6.28,-2.66
0.41,-6.24,-2.84
0.42,-6.22,-2.98
0.40,-6.32,-3.27
0.39,-6.46,-3.43
0.35,-6.56,-3.58
0.33,-6.66,-3.75
0.37,-6.71,-4.04
0.43,-6.72,-4.16
0.55,-6.84,-4.53
0.74,-6.87,-4.83
0.92,-6.81,-5.15
1.35,-6.46,-5.65
1.91,-6.03,-6.41
2.48,-5.60,-7.45
2.88,-5.43,-8.26
3.50,-5.67,-9.47
3.95,-6.29,-10.45
4.20,-6.87,-10.84
4.54,-7.92,-10.94
5.03,-9.33,-10.43
5.38,-10.30,-9.93
5.90,-11.34,-9.01
6.39,-11.72,-8.10
6.76,-11.79,-7.56
7.34,-11.88,-6.84
7.92,-12.11,-6.17
9.05,-14.71,-5.62
9.97,-16.79,-5.59
10.86,-17.84,-6.28
11.53,-16.73,-7.48
11.88,-15.36,-8.26
12.11,-13.72,-8.77
12.02,-13.35,-7.94
11.85,-13.46,-6.92
11.56,-13.45,-5.22
11.19,-12.65,-3.85
10.75,-11.23,-2.83
10.44,-10.27,-2.30
10.01,-9.08,-1.54
9.59,-8.32,-1.05
9.33,-8.04,-0.79
9.00,-7.78,-0.57
8.76,-7.65,-0.53
8.63,-7.60,-0.56
8.45,-7.52,-0.68
8.34,-7.40,-0.85
8.27,-7.26,-1.09
8.26,-7.16,-1.30
8.24,-7.21,-1.53
8.15,-7.39,-1.76
8.09,-7.49,-1.98
8.03,-7.56,-2.35
7.96,-7.58,-2.78
7.89,-7.58,-3.04
7.72,-7.50,-3.39
7.52,-7.37,-3.77
7.37,-7.28,-4.00
7.14,-7.17,-4.33
6.92,-7.12,-4.61
6.71,-7.12,-4.87
6.61,-7.10,-5.06
6.45,-7.08,-5.38
6.31,-7.11,-5.63
6.21,-7.14,-5.71
6.06,-7.21,-5.78
5.89,-7.25,-5.75
5.78,-7.27,-5.73
5.62,-7.30,-5.69
5.45,-7.28,-5.64
5.33,-7.25,-5.60
5.14,-7.19,-5.55
4.97,-7.13,-5.55
4.81,-7.07,-5.58
4.71,-7.04,-5.59
4.57,-6.99,-5.57
4.41,-6.97,-5.52
4.29,-6.97,-5.46
4.13,-6.97,-5.36
3.98,-6.92,-5.27
3.92,-6.85,-5.24
3.84,-6.74,-5.22
3.80,-6.68,-5.23
3.77,-6.67,-5.24
3.73,-6.70,-5.26
3.72,-6.77,-5.32
3.71,-6.87,-5.43
3.72,-6.96,-5.48
3.72,-7.09,-5.57
3.73,-7.21,-5.67
3.76,-7.28,-5.74
3.78,-7.38,-5.80
3.79,-7.48,-5.88
3.79,-7.56,-5.92
3.77,-7.67,-6.00
3.76,-7.73,-6.13
3.75,-7.77,-6.24
3.74,-7.88,-6.37
3.73,-7.99,-6.50
3.73,-8.08,-6.64
3.73,-8.14,-6.70
3.72,-8.19,-6.76
3.70,-8.24,-6.78
3.71,-8.26,-6.80
3.73,-8.30,-6.79
3.75,-8.35,-6.73
3.75,-8.38,-6.70
3.75,-8.44,-6.62
3.75,-8.51,-6.51
3.75,-8.54,-6.44
3.68,-8.53,-6.34
3.61,-8.49,-6.23
3.56,-8.43,-6.11
3.53,-8.39,-6.04
3.51,-8.31,-5.92
3.47,-8.23,-5.77
3.47,-8.19,-5.64
3.49,-8.13,-5.46
3.52,-8.05,-5.29
3.54,-7.98,-5.16
3.55,-7.88,-4.96
3.54,-7.82,-4.78
3.54,-7.83,-4.64
3.56,-7.91,-4.45
3.56,-7.97,-4.38
3.59,-8.03,-4.34
3.60,-8.06,-4.34
3.62,-8.09,-4.38
3.64,-8.10,-4.46
3.66,-8.10,-4.54
3.66,-8.12,-4.63
3.62,-8.15,-4.74
3.58,-8.17,-4.80
3.51,-8.21,-4.89
3.44,-8.18,-5.03
3.37,-8.13,-5.15
3.26,-8.03,-5.34
3.14,-7.89,-5.50
3.01,-7.79,-5.65
2.93,-7.75,-5.72
2.83,-7.70,-5.82
2.78,-7.68,-5.89
2.74,-7.67,-5.93
2.73,-7.71,-5.96
2.76,-7.76,-6.00
2.79,-7.79,-6.01
2.87,-7.85,-6.04
2.96,-7.92,-6.07
3.06,-8.01,-6.08
3.14,-8.08,-6.05
3.22,-8.20,-5.89
3.31,-8.28,-5.71
3.38,-8.32,-5.58
3.47,-8.32,-5.39
3.54,-8.30,-5.21
3.57,-8.29,-5.07
3.62,-8.26,-4.89
3.64,-8.22,-4.76
3.64,-8.19,-4.67
3.64,-8.11,-4.57
3.64,-8.01,-4.52
3.62,-7.92,-4.45
3.61,-7.87,-4.42
3.58,-7.80,-4.43
3.51,-7.75,-4.40
3.46,-7.72,-4.40
3.35,-7.69,-4.42
3.25,-7.64,-4.45
3.20,-7.60,-4.50
3.17,-7.54,-4.57
3.17,-7.48,-4.69
3.17,-7.46,-4.77
3.18,-7.45,-4.89
3.20,-7.47,-5.03
3.23,-7.54,-5.18
3.28,-7.59,-5.27
3.37,-7.69,-5.43
3.44,-7.80,-5.59
3.47,-7.86,-5.66
3.50,-7.92,-5.79
3.55,-7.96,-5.90
3.60,-7.97,-5.93
3.66,-7.99,-5.94
3.73,-8.03,-5.90
3.77,-8.07,-5.86
3.83,-8.15,-5.75
3.91,-8.27,-5.65
4.02,-8.39,-5.60
4.10,-8.44,-5.58
4.22,-8.47,-5.53
4.30,-8.49,-5.53
4.33,-8.51,-5.51
4.35,-8.52,-5.46
4.33,-8.47,-5.34
4.31,-8.45,-5.24
4.26,-8.40,-5.11
4.21,-8.32,-4.99
4.17,-8.25,-4.93
4.12,-8.14,-4.94
4.05,-7.96,-4.91
3.96,-7.85,-4.88
3.91,-7.77,-4.86
3.84,-7.63,-4.79
3.80,-7.55,-4.72
3.78,-7.51,-4.71
3.74,-7.52,-4.69
3.73,-7.60,-4.73
3.74,-7.67,-4.76
3.75,-7.86,-4.77
3.77,-8.01,-4.63
3.84,-8.01,-4.67
3.89,-7.95,-4.75
3.94,-7.88,-5.00
3.98,-7.85,-5.20
4.02,-7.87,-5.31
4.09,-7.97,-5.42
4.13,-8.06,-5.41
4.18,-8.13,-5.40
4.24,-8.26,-5.37
4.30,-8.40,-5.33
4.35,-8.46,-5.31
4.43,-8.50,-5.23
4.46,-8.45,-5.17
4.46,-8.43,-ets Jun  8 2016 00:22:57

rst:0x1 (POWERON_RESET),boot:0x13 (SPI_FAST_FLASH_BOOT)
configsip: 0, SPIWP:0xee
clk_drv:0x00,q_drv:0x00,d_drv:0x00,cs0_drv:0x00,hd_drv:0x00,wp_drv:0x00
mode:DIO, clock div:1
load:0x3fff0018,len:4
load:0x3fff001c,len:1216
ho 0 tail 12 room 4
load:0x40078000,len:10944
load:0x40080400,len:6388
entry 0x400806b4










-,-,-
4.42,-8.80,3.64
4.31,-8.60,3.79
4.23,-8.44,3.90
4.08,-8.22,4.08
3.94,-8.04,4.29
3.84,-7.93,4.51
3.80,-7.89,4.64
3.79,-7.88,4.87
3.78,-7.90,5.07
3.78,-7.94,5.17
3.79,-8.05,5.33
3.83,-8.12,5.38
3.87,-8.17,5.40
3.98,-8.26,5.37
4.15,-8.40,5.31
4.25,-8.51,5.28
4.41,-8.68,5.19
4.57,-8.88,5.13
4.73,-9.12,5.04
4.86,-9.28,5.00
5.00,-9.48,4.93
5.12,-9.66,4.87
5.22,-9.78,4.89
5.33,-9.98,4.95
5.29,-10.12,5.05
5.22,-10.22,5.13
5.11,-10.32,5.26
4.95,-10.41,5.32
4.73,-10.46,5.38
4.55,-10.47,5.39
4.23,-10.52,5.35
3.88,-10.53,5.22
3.63,-10.52,5.04
3.28,-10.45,4.64
2.94,-10.31,4.12
2.72,-10.18,3.73
2.43,-10.00,3.05
2.17,-9.81,2.31
2.02,-9.69,1.76
1.81,-9.50,0.96
1.67,-9.40,0.11
1.56,-9.39,-0.67
1.49,-9.41,-1.19
1.38,-9.44,-1.97
1.27,-9.44,-2.72
1.19,-9.45,-3.21
1.07,-9.44,-3.91
0.96,-9.38,-4.58
0.87,-9.29,-5.00
0.73,-9.18,-5.53
0.58,-9.29,-5.96
0.45,-9.34,-6.23
0.20,-9.19,-6.64
-0.04,-8.71,-7.11
-0.29,-8.04,-7.59
-0.44,-7.86,-7.78
-0.73,-7.93,-7.84
-1.06,-7.99,-8.00
-1.24,-7.94,-8.13
-1.50,-7.67,-8.40
-1.77,-7.24,-8.70
-1.92,-7.02,-8.89
-2.14,-6.74,-9.19
-2.38,-6.24,-9.46
-2.50,-6.14,-9.50
-2.61,-6.48,-9.52
-2.62,-6.91,-9.76
-2.62,-7.02,-10.01
-2.62,-6.96,-10.28
-2.59,-6.76,-10.65
-2.58,-6.71,-10.93
-2.63,-6.71,-11.12
-2.68,-6.76,-11.52
-2.69,-6.87,-11.97
-2.72,-6.91,-12.19
-2.78,-6.95,-12.47
-2.88,-7.00,-12.72
-2.95,-7.05,-12.83
-3.03,-7.14,-12.91
-3.09,-7.15,-12.81
-3.20,-7.23,-12.69
-3.28,-7.26,-12.55
-3.40,-7.34,-12.30
-3.45,-7.41,-12.01
-3.48,-7.49,-11.79
-3.57,-7.66,-11.46
-3.66,-7.82,-11.14
-3.69,-7.89,-10.97
-3.71,-7.88,-10.72
-3.68,-7.71,-10.39
-3.71,-7.58,-10.12
-3.72,-7.54,-10.03
-3.73,-7.59,-9.98
-3.68,-7.74,-9.99
-3.63,-7.90,-10.02
-3.53,-8.23,-10.05
-3.39,-8.54,-10.01
-3.28,-8.72,-9.97
-3.14,-8.94,-9.88
-2.94,-9.10,-9.78
-2.71,-9.18,-9.65
-2.55,-9.22,-9.55
-2.30,-9.25,-9.39
-2.07,-9.33,-9.22
-1.92,-9.42,-9.09
-1.70,-9.58,-8.86
-1.49,-9.76,-8.60
-1.37,-9.89,-8.40
-1.22,-10.05,-8.11
-1.09,-10.15,-7.80
-1.01,-10.18,-7.57
-0.91,-10.19,-7.18
-0.83,-10.14,-6.82
-0.79,-10.07,-6.44
-0.78,-10.01,-6.20
-0.77,-9.92,-5.85
-0.78,-9.80,-5.52
-0.79,-9.71,-5.31
-0.82,-9.58,-5.03
-0.90,-9.45,-4.77
-0.94,-9.37,-4.64
-1.00,-9.24,-4.46
-1.06,-9.14,-4.30
-1.08,-9.11,-4.21
-1.14,-9.10,-4.08
-1.19,-9.14,-3.99
-1.19,-9.18,-3.96
-1.16,-9.22,-3.99
-1.11,-9.24,-4.10
-1.06,-9.25,-4.27
-1.02,-9.24,-4.40
-0.96,-9.24,-4.64
-0.88,-9.24,-4.89
-0.84,-9.25,-5.06
-0.75,-9.29,-5.29
-0.69,-9.35,-5.50
-0.66,-9.43,-5.62
-0.60,-9.55,-5.77
-0.57,-9.68,-5.84
-0.55,-9.79,-5.85
-0.52,-9.92,-5.83
-0.49,-10.01,-5.74
-0.46,-10.06,-5.63
-0.45,-10.06,-5.57
-0.46,-10.03,-5.47
-0.52,-9.95,-5.39
-0.59,-9.87,-5.33
-0.77,-9.71,-5.29
-1.02,-9.53,-5.25
-1.20,-9.38,-5.24
-1.49,-9.11,-5.30
-1.83,-8.81,-5.38
-2.05,-8.58,-5.47
-2.36,-8.23,-5.67
-2.63,-7.90,-5.88
-2.81,-7.61,-6.08
-2.89,-7.46,-6.22
-2.90,-7.31,-6.38
-2.83,-7.27,-6.48
-2.74,-7.29,-6.50
-2.58,-7.40,-6.48
-2.38,-7.58,-6.33
-2.26,-7.74,-6.23
-2.06,-8.02,-6.07
-1.89,-8.28,-5.87
-1.75,-8.49,-5.67
-1.66,-8.60,-5.55
-1.53,-8.73,-5.38
-1.40,-8.78,-5.23
-1.32,-8.77,-5.15
-1.17,-8.72,-5.06
-1.02,-8.60,-5.01
-0.93,-8.50,-4.98
-0.77,-8.35,-4.97
-0.62,-8.20,-4.94
-0.52,-8.11,-4.88
-0.43,-8.02,-4.80
-0.37,-7.99,-4.74
-0.36,-7.98,-4.70
-0.40,-7.95,-4.64
-0.51,-7.90,-4.59
-0.63,-7.80,-4.63
-0.71,-7.73,-4.72
-0.86,-7.59,-4.91
-1.04,-7.41,-5.14
-1.16,-7.25,-5.29
-1.30,-6.96,-5.57
-1.36,-6.63,-5.84
-1.36,-6.40,-6.01
-1.34,-6.08,-6.26
-1.26,-5.80,-6.52
-1.18,-5.68,-6.66
-1.00,-5.58,-6.79
-0.78,-5.54,-6.90
-0.53,-5.61,-6.89
-0.37,-5.74,-6.79
-0.11,-6.03,-6.56
0.17,-6.37,-6.20
0.40,-6.60,-5.90
0.77,-6.95,-5.41
1.22,-7.29,-4.92
1.53,-7.51,-4.58
1.96,-7.80,-4.14
2.40,-7.98,-3.87
2.72,-8.09,-3.77
3.18,-8.26,-3.75
3.57,-8.51,-3.86
3.97,-8.77,-4.05
4.24,-8.90,-4.25
4.67,-9.11,-4.62
5.10,-9.34,-4.93
5.37,-9.51,-5.11
5.74,-9.77,-5.29
6.07,-10.01,-5.34
6.25,-10.15,-5.35
6.48,-10.31,-5.22
6.69,-10.40,-4.96
6.79,-10.42,-4.74
6.93,-10.38,-4.37
7.04,-10.27,-3.94
7.08,-10.07,-3.48
7.11,-9.91,-3.17
7.18,-9.72,-2.63
7.23,-9.58,-2.11
7.24,-9.48,-1.80
7.25,-9.28,-1.40
7.21,-9.04,-1.16
7.20,-8.88,-1.06
7.19,-8.68,-0.98
7.20,-8.50,-1.00
7.22,-8.42,-1.04
7.26,-8.32,-1.18
7.29,-8.26,-1.39
7.31,-8.25,-1.63
7.34,-8.29,-1.80
7.41,-8.34,-2.08
7.52,-8.37,-2.43
7.59,-8.41,-2.68
7.68,-8.52,-3.04
7.71,-8.61,-3.35
7.73,-8.67,-3.53
7.78,-8.74,-3.74
7.86,-8.81,-3.86
7.91,-8.86,-3.92
7.97,-8.92,-3.96
7.99,-8.95,-3.96
8.00,-8.96,-3.96
7.99,-8.98,-3.95
7.95,-8.98,-3.90
7.91,-8.99,-3.80
7.88,-8.97,-3.73
7.80,-8.91,-3.62
7.68,-8.83,-3.47
7.60,-8.77,-3.37
7.47,-8.67,-3.21
7.34,-8.54,-3.03
7.25,-8.45,-2.89
7.11,-8.34,-2.69
6.96,-8.25,-2.53
6.81,-8.20,-2.43
6.71,-8.17,-2.38
6.56,-8.13,-2.39
6.38,-8.08,-2.43
6.24,-8.03,-2.49
6.02,-7.95,-2.66
5.79,-7.86,-2.85
5.65,-7.80,-2.96
5.46,-7.71,-3.08
5.27,-7.65,-3.18
5.10,-7.59,-3.30
5.00,-7.58,-3.39
4.88,-7.63,-3.54
4.81,-7.73,-3.78
4.77,-7.81,-3.96
4.74,-7.93,-4.28
4.71,-8.08,-4.63
4.70,-8.19,-4.85
4.70,-8.38,-5.14
4.71,-8.54,-5.41
4.71,-8.64,-5.58
4.71,-8.76,-5.77
4.69,-8.84,-5.92
4.64,-8.93,-6.06
4.59,-8.98,-6.09
4.51,-9.02,-6.06
4.44,-9.00,-6.01
4.39,-8.96,-5.95
4.28,-8.89,-5.86
4.13,-8.79,-5.74
4.02,-8.69,-5.65
3.84,-8.50,-5.52
3.68,-8.33,-5.39
3.60,-8.23,-5.30
3.51,-8.11,-5.17
3.45,-8.05,-5.05
3.41,-8.03,-4.93
3.40,-8.03,-4.86
3.38,-8.05,-4.77
3.37,-8.08,-4.69
3.37,-8.10,-4.64
3.34,-8.15,-4.59
3.33,-8.17,-4.59
3.33,-8.16,-4.61
3.31,-8.14,-4.70
3.30,-8.14,-4.78
3.31,-8.14,-4.85
3.32,-8.14,-4.94
3.31,-8.15,-5.01
3.30,-8.17,-5.07
3.30,-8.19,-5.07
3.32,-8.24,-5.06
3.32,-8.30,-5.03
3.34,-8.32,-5.02
3.39,-8.37,-5.01
3.45,-8.44,-4.98
3.50,-8.49,-4.93
3.59,-8.57,-4.85
3.65,-8.66,-4.71
3.68,-8.77,-4.52
3.72,-8.83,-4.41
3.75,-8.88,-4.22
3.77,-8.88,-4.02
3.77,-8.86,-3.92
3.77,-8.81,-3.79
3.76,-8.72,-3.71
3.75,-8.67,-3.65
3.73,-8.61,-3.62
3.68,-8.58,-3.61
3.65,-8.56,-3.62
3.62,-8.53,-3.69
3.61,-8.50,-3.77
3.59,-8.47,-3.85
3.57,-8.43,-3.86
3.56,-8.37,-3.85
3.55,-8.37,-3.80
3.55,-8.38,-3.77
3.56,-8.41,-3.72
3.60,-8.47,-3.69
3.63,-8.49,-3.70
3.69,-8.52,-3.76
3.75,-8.55,-3.89
3.79,-8.60,-3.98
3.85,-8.69,-4.12
3.90,-8.79,-4.23
3.92,-8.84,-4.36
3.93,-8.83,-4.42
3.93,-8.78,-4.47
3.91,-8.71,-4.49
3.92,-8.66,-4.45
3.94,-8.63,-4.36
3.95,-8.65,-4.27
3.96,-8.67,-4.20
3.98,-8.72,-4.11
3.99,-8.75,-4.03
3.99,-8.77,-3.96
3.98,-8.75,-3.83
3.96,-8.71,-3.72
3.93,-8.63,-3.60
3.90,-8.54,-3.53
3.88,-8.41,-3.45
3.84,-8.37,-3.41
3.81,-8.35,-3.42
3.77,-8.28,-3.45
3.74,-8.25,-3.54
3.74,-8.26,-3.63
3.72,-8.25,-3.79
3.69,-8.24,-3.94
3.68,-8.22,-4.04
3.68,-8.23,-4.20
3.67,-8.29,-4.28
3.67,-8.37,-4.36
3.68,-8.41,-4.39
3.71,-8.42,-4.42
3.74,-8.41,-4.41
3.74,-8.41,-4.39
3.74,-8.46,-4.29
3.76,-8.58,-4.17
3.79,-8.66,-4.06
3.83,-8.64,-3.85
3.85,-8.57,-3.64
3.84,-8.53,-3.51
3.85,-8.51,-3.35
3.89,-8.49,-3.27
3.93,-8.45,-3.29
3.95,-8.45,-3.34
3.99,-8.46,-3.41
4.02,-8.48,-3.45
4.06,-8.49,-3.42
4.12,-8.47,-3.35
4.17,-8.47,-3.26
4.19,-8.48,-3.20
4.21,-8.49,-3.16
4.22,-8.47,-3.21
4.23,-8.49,-3.31
4.23,-8.53,-3.37
4.19,-8.65,-3.52
4.12,-8.75,-3.69
4.07,-8.80,-3.63
4.03,-8.67,-3.77
4.02,-8.41,-4.09
4.03,-8.28,-4.33
4.00,-8.28,-4.62
3.94,-8.46,-4.77
3.91,-8.56,-4.76
3.89,-8.67,-4.73
3.92,-8.74,-4.71
3.98,-8.75,-4.73
4.01,-8.76,-4.73
